         100
   336.000000000000        9.47696150778137     
 CH  0.000000000000000E+000  0.000000000000000E+000  0.000000000000000E+000
 CH  0.971140768187577       9.308999982148022E-002   1.19156194144378     
 CH  -1.39616505806827       0.601170444336982       0.246814033792056     
   336.000000000000        157.788132772364     
 CH  0.000000000000000E+000  0.000000000000000E+000  0.000000000000000E+000
 CH   1.18357365704811       0.526605792855975       0.832730290833892     
 CH  -1.39616505806827       0.601170444336982       0.246814033792056     
   336.000000000000        32.5372696256899     
 CH  0.000000000000000E+000  0.000000000000000E+000  0.000000000000000E+000
 CH  0.978776930077591       0.329803691198491        1.14228947575461     
 CH  -1.24647002687540       0.898566269553207      -0.102425929892190     
   336.000000000000        578.505237174693     
 CH  0.000000000000000E+000  0.000000000000000E+000  0.000000000000000E+000
 CH   1.24817918770366       0.216071961587873       0.875763451394846     
 CH  -1.22215932237711       0.935414491364029       5.409491533140506E-002
   336.000000000000        194.439323020430     
 CH  0.000000000000000E+000  0.000000000000000E+000  0.000000000000000E+000
 CH   1.36262779486921       0.421656707665463       0.580561033424209     
 CH  -1.17359324290470       0.995692355816556       5.362436543884987E-002
   336.000000000000        60.0334349458456     
 CH  0.000000000000000E+000  0.000000000000000E+000  0.000000000000000E+000
 CH   1.38458699098569       0.476900221330552       0.476534409343203     
 CH -0.992433688321040        1.08941321060882      -0.447050523574570     
   336.000000000000        192.938494998985     
 CH  0.000000000000000E+000  0.000000000000000E+000  0.000000000000000E+000
 CH   1.37758188859724       0.562718776023368       0.396504374906022     
 CH -0.902025211884000        1.15871802744746      -0.464029082909357     
   336.000000000000        10.5436202759490     
 CH  0.000000000000000E+000  0.000000000000000E+000  0.000000000000000E+000
 CH   1.31332924408237       0.466873436046619       0.654824779121911     
 CH  -1.11534652082844        1.05918876424078       7.563887871852358E-002
   336.000000000000        52.2840606827316     
 CH  0.000000000000000E+000  0.000000000000000E+000  0.000000000000000E+000
 CH   1.39674224232908       0.563372521736647       0.321438190396869     
 CH  -1.10903804075423        1.00576084003036       0.360665629930628     
   336.000000000000        200.265220383277     
 CH  0.000000000000000E+000  0.000000000000000E+000  0.000000000000000E+000
 CH   1.32440164586443       0.327659985725335       0.714282307064981     
 CH -0.996557594716743        1.14899996161834       0.241395916297749     
   336.000000000000        1.51853853702536     
 CH  0.000000000000000E+000  0.000000000000000E+000  0.000000000000000E+000
 CH   1.27584691372254      -2.824706475135915E-003  0.862442272722058     
 CH -0.945229508694756        1.17744138904712       0.302940408402819     
   336.000000000000        156.599847854814     
 CH  0.000000000000000E+000  0.000000000000000E+000  0.000000000000000E+000
 CH   1.39611275383500       0.480673823347675       0.437517832925216     
 CH  -1.00731246562839        1.15778496395144       0.128279045948355     
   336.000000000000        10.5334743615738     
 CH  0.000000000000000E+000  0.000000000000000E+000  0.000000000000000E+000
 CH   1.42763930053883       0.259148232018143       0.516031221341176     
 CH  -1.01303029155630        1.12447639799935       0.284468624849163     
   336.000000000000        6.57545535456876     
 CH  0.000000000000000E+000  0.000000000000000E+000  0.000000000000000E+000
 CH   1.17000076404796      -8.670287183718406E-002  0.997587501997877     
 CH  -1.01303029155630        1.12447639799935       0.284468624849163     
   336.000000000000        18.5187185558849     
 CH  0.000000000000000E+000  0.000000000000000E+000  0.000000000000000E+000
 CH   1.03854181727937      -0.186902360463794        1.12164985686939     
 CH  -1.23725871907623       0.837274406135718       0.373848058296069     
   336.000000000000        613.521940441844     
 CH  0.000000000000000E+000  0.000000000000000E+000  0.000000000000000E+000
 CH  0.835838121405115      -0.198742248923235        1.27807517513599     
 CH  -1.36755966545780       0.708081765048007      -8.457016380415739E-004
   336.000000000000        214.547834038252     
 CH  0.000000000000000E+000  0.000000000000000E+000  0.000000000000000E+000
 CH  0.694687456564207      -0.105328442505374        1.37037048161865     
 CH  -1.38163534646653       0.652255287596931       0.192994168274530     
   336.000000000000        401.412343883561     
 CH  0.000000000000000E+000  0.000000000000000E+000  0.000000000000000E+000
 CH  0.694687456564207      -0.105328442505374        1.37037048161865     
 CH  -1.42602770977130       0.519850649011651       0.260384741254927     
   336.000000000000        127.895357767401     
 CH  0.000000000000000E+000  0.000000000000000E+000  0.000000000000000E+000
 CH  0.660911455802028      -0.198352429876923        1.37675428495849     
 CH  -1.39104196893204       0.659120025299123      -4.650777043860566E-002
   336.000000000000        102.309969762640     
 CH  0.000000000000000E+000  0.000000000000000E+000  0.000000000000000E+000
 CH  0.660911455802028      -0.198352429876923        1.37675428495849     
 CH  -1.49600236602495       0.326324235993808       0.164588437147401     
   336.000000000000        7.55667947217147     
 CH  0.000000000000000E+000  0.000000000000000E+000  0.000000000000000E+000
 CH  0.660911455802028      -0.198352429876923        1.37675428495849     
 CH  -1.39821684296654       0.639188603721605       8.959647710101987E-002
   336.000000000000        55.8396656991261     
 CH  0.000000000000000E+000  0.000000000000000E+000  0.000000000000000E+000
 CH  0.596248726011723      -0.231935289295892        1.40081885992038     
 CH  -1.45601906469629       0.498323328412530      -5.729121566702525E-002
   336.000000000000        5.41141701021353     
 CH  0.000000000000000E+000  0.000000000000000E+000  0.000000000000000E+000
 CH  0.404659525214781      -0.126096459722391        1.48052367475107     
 CH  -1.47627510900838       0.368379697978722      -0.237714409389115     
   336.000000000000        165.508985807972     
 CH  0.000000000000000E+000  0.000000000000000E+000  0.000000000000000E+000
 CH  0.420395921129528      -0.177236358728001        1.47086863541327     
 CH  -1.51518015019531       0.266013545608813      -7.117475534587782E-002
   336.000000000000        81.2320170814944     
 CH  0.000000000000000E+000  0.000000000000000E+000  0.000000000000000E+000
 CH  0.603284823918419      -0.313893348334827        1.38170850294151     
 CH  -1.53243440694156       0.125092621844356      -8.715827082724141E-002
   336.000000000000        451.533194268732     
 CH  0.000000000000000E+000  0.000000000000000E+000  0.000000000000000E+000
 CH  0.603284823918419      -0.313893348334827        1.38170850294151     
 CH  -1.52264045333381       0.108437818914480       0.203487663243462     
   336.000000000000        64.1739089097544     
 CH  0.000000000000000E+000  0.000000000000000E+000  0.000000000000000E+000
 CH  0.790844368117938      -0.777484724736267        1.06849552559564     
 CH  -1.52264045333381       0.108437818914480       0.203487663243462     
   336.000000000000        170.832871932418     
 CH  0.000000000000000E+000  0.000000000000000E+000  0.000000000000000E+000
 CH  0.660548733035368      -0.567041517609557        1.27033038560542     
 CH  -1.53158631757739       0.158314585938967      -2.792460349773736E-002
   336.000000000000       4.184055053535474E-007
 CH  0.000000000000000E+000  0.000000000000000E+000  0.000000000000000E+000
 CH  0.525914055877241      -0.656832180814995        1.28980071797025     
 CH  -1.53063266317196      -6.475354745093968E-002 -0.156750018550038     
   336.000000000000        419.119910150480     
 CH  0.000000000000000E+000  0.000000000000000E+000  0.000000000000000E+000
 CH  0.529028426328665       -1.05868044986292       0.985355077733021     
 CH  -1.51702340479579      -0.232268657493769      -0.127636984607235     
   336.000000000000        18.4418936398136     
 CH  0.000000000000000E+000  0.000000000000000E+000  0.000000000000000E+000
 CH  0.650145231046059       -1.17042335145420       0.760933871580695     
 CH  -1.52642354478007       0.128383430108318       0.158583721126999     
   336.000000000000        168.924289074103     
 CH  0.000000000000000E+000  0.000000000000000E+000  0.000000000000000E+000
 CH  0.791661319161590       -1.14694088270466       0.655285409057753     
 CH  -1.52201719690707      -0.158805132228506      -0.172755671654668     
   336.000000000000        36.8594732148460     
 CH  0.000000000000000E+000  0.000000000000000E+000  0.000000000000000E+000
 CH  0.799581528983867      -0.960127683131695       0.900235641702760     
 CH  -1.52574636250825      -0.207254472804340      -2.726830737771907E-002
   336.000000000000        34.8088410542548     
 CH  0.000000000000000E+000  0.000000000000000E+000  0.000000000000000E+000
 CH  0.495699848500484       -1.03820448004285        1.02372511828886     
 CH  -1.52234208891699       5.528559443774483E-002 -0.225871660797275     
   336.000000000000        376.167776789222     
 CH  0.000000000000000E+000  0.000000000000000E+000  0.000000000000000E+000
 CH  0.520748850055886       -1.28981920210878       0.660898676830986     
 CH  -1.45056211785199      -0.270629175851834      -0.440714568879119     
   336.000000000000        1.29056067363689     
 CH  0.000000000000000E+000  0.000000000000000E+000  0.000000000000000E+000
 CH  0.321189847856213       -1.44816788466966       0.413819839357060     
 CH  -1.35541357252088       0.150485705085875      -0.715407603945336     
   336.000000000000        16.4318776184358     
 CH  0.000000000000000E+000  0.000000000000000E+000  0.000000000000000E+000
 CH  0.127515505453130       -1.53458002235066      -2.009852908248477E-002
 CH  -1.08019962329484       0.515817637259440      -0.968865769194874     
   336.000000000000        49.9153982009955     
 CH  0.000000000000000E+000  0.000000000000000E+000  0.000000000000000E+000
 CH -0.307818045187684       -1.48838341776360       0.248118626433341     
 CH  -1.01959476236591       0.780370001402879      -0.850322951153428     
   336.000000000000        10.9896188120668     
 CH  0.000000000000000E+000  0.000000000000000E+000  0.000000000000000E+000
 CH -0.466425841382665       -1.42766334241642       0.340329715439070     
 CH  -1.04352065085178       0.876749009556935      -0.716921031410455     
   336.000000000000        449.662262454679     
 CH  0.000000000000000E+000  0.000000000000000E+000  0.000000000000000E+000
 CH -0.236622045003198       -1.29771046797827       0.794705951354412     
 CH  -1.10045370377133       0.614791199692561      -0.884665680598247     
   336.000000000000        148.106818794050     
 CH  0.000000000000000E+000  0.000000000000000E+000  0.000000000000000E+000
 CH -0.170395634504049       -1.44509268720823       0.504254353594743     
 CH -0.845684621345149       0.209113876964793       -1.26991686636286     
   336.000000000000        9.47911011917358     
 CH  0.000000000000000E+000  0.000000000000000E+000  0.000000000000000E+000
 CH  5.801819839600353E-003  -1.44168334360063       0.541401399768290     
 CH -0.890914692272678       0.169261938875089       -1.24467720591836     
   336.000000000000        3.60421037600447     
 CH  0.000000000000000E+000  0.000000000000000E+000  0.000000000000000E+000
 CH -9.952564013133752E-002  -1.41037051662021       0.610368456593944     
 CH -0.185271520440728       5.384710739214606E-002  -1.52786612389008     
   336.000000000000        22.9113684599175     
 CH  0.000000000000000E+000  0.000000000000000E+000  0.000000000000000E+000
 CH -9.952564013133752E-002  -1.41037051662021       0.610368456593944     
 CH -0.263495798042822       9.242698957673035E-002  -1.51447256687052     
   336.000000000000       0.508083848100277     
 CH  0.000000000000000E+000  0.000000000000000E+000  0.000000000000000E+000
 CH -0.254231880186082       -1.43181096911439       0.506836758553252     
 CH -0.791347559613668       0.357288621625061       -1.27189379294915     
   336.000000000000        221.309738403833     
 CH  0.000000000000000E+000  0.000000000000000E+000  0.000000000000000E+000
 CH -0.189969197237737       -1.39730029687249       0.618921307163443     
 CH -0.411153225188010       0.237288650178642       -1.46500752957304     
   336.000000000000        23.8755790092340     
 CH  0.000000000000000E+000  0.000000000000000E+000  0.000000000000000E+000
 CH -0.339897290688255       -1.42728248975074       0.467904398604793     
 CH -0.380601720630204       0.237184814815662       -1.47325681185121     
   336.000000000000        2.41750918778030     
 CH  0.000000000000000E+000  0.000000000000000E+000  0.000000000000000E+000
 CH -0.365995019897686       -1.45550130360280       0.345200812021990     
 CH -0.522946489793857       0.484841881941702       -1.36493782207078     
   336.000000000000        27.9057636314232     
 CH  0.000000000000000E+000  0.000000000000000E+000  0.000000000000000E+000
 CH -3.334110603888941E-002  -1.51534681090069       0.272419553889246     
 CH -0.415427768673417       0.338986713200987       -1.44364390244964     
   336.000000000000        38.8496236502220     
 CH  0.000000000000000E+000  0.000000000000000E+000  0.000000000000000E+000
 CH -0.225872513082876       -1.45472830586601       0.452047745206000     
 CH -0.934331380244389       0.521005354427650       -1.10778076907850     
   336.000000000000        237.596402585828     
 CH  0.000000000000000E+000  0.000000000000000E+000  0.000000000000000E+000
 CH  0.157874502299634       -1.52885730091529      -9.628600605302888E-002
 CH  -1.21800985247753       0.678758667717347      -0.653711411907458     
   336.000000000000        7.64866800349785     
 CH  0.000000000000000E+000  0.000000000000000E+000  0.000000000000000E+000
 CH  0.184280504209975       -1.50753853742086      -0.254888708967468     
 CH  -1.38150072303388       0.520374311878407      -0.438481775659791     
   336.000000000000        124.215748099105     
 CH  0.000000000000000E+000  0.000000000000000E+000  0.000000000000000E+000
 CH  0.332157863840951       -1.44684892210819      -0.409755231916546     
 CH  -1.22229214409498       0.672623504271226      -0.652057877628518     
   336.000000000000        2.04755501692908     
 CH  0.000000000000000E+000  0.000000000000000E+000  0.000000000000000E+000
 CH  0.375400115550085       -1.32783757561943      -0.683755896514325     
 CH  -1.38517785347374       0.532335818803480      -0.411704785078485     
   336.000000000000        183.502130008449     
 CH  0.000000000000000E+000  0.000000000000000E+000  0.000000000000000E+000
 CH  0.646238717086748       -1.11634984915933      -0.841271974346002     
 CH  -1.38517785347374       0.532335818803480      -0.411704785078485     
   336.000000000000        41.6038138146763     
 CH  0.000000000000000E+000  0.000000000000000E+000  0.000000000000000E+000
 CH  0.647624579880360       -1.08855416529991      -0.875917937219578     
 CH  -1.11160667024707       0.752115571276226      -0.755150791496559     
   336.000000000000        49.3749656135293     
 CH  0.000000000000000E+000  0.000000000000000E+000  0.000000000000000E+000
 CH  0.519300447070036       -1.09675703767055      -0.948183023468033     
 CH  -1.20557787961718       0.821046604746005      -0.494028732772321     
   336.000000000000        161.396014662728     
 CH  0.000000000000000E+000  0.000000000000000E+000  0.000000000000000E+000
 CH  0.568604345624182       -1.23555689582522      -0.722279900949795     
 CH  -1.12289900713697       0.621170352684502      -0.851378383862569     
   336.000000000000        22.4381273465032     
 CH  0.000000000000000E+000  0.000000000000000E+000  0.000000000000000E+000
 CH  0.373720442919327       -1.27153569502953      -0.784302242002371     
 CH  -1.11126217947822       0.865641670319137      -0.622383167237217     
   336.000000000000        188.336918613460     
 CH  0.000000000000000E+000  0.000000000000000E+000  0.000000000000000E+000
 CH -3.963557022428788E-003  -1.52912130990288      -0.182680896145791     
 CH -0.809206500430383       0.646323606556581       -1.13975899867503     
   336.000000000000        72.2469845313667     
 CH  0.000000000000000E+000  0.000000000000000E+000  0.000000000000000E+000
 CH  0.133901682026049       -1.53281436417784      -6.442409891252066E-002
 CH -0.512799990156906       0.565357526260754       -1.33753765456798     
   336.000000000000        532.481418808210     
 CH  0.000000000000000E+000  0.000000000000000E+000  0.000000000000000E+000
 CH -0.288106721845335       -1.49894629090446       0.204339261551211     
 CH -0.226021082590286       0.269799553289520       -1.49924067816388     
   336.000000000000        87.2051051370500     
 CH  0.000000000000000E+000  0.000000000000000E+000  0.000000000000000E+000
 CH -0.478469693838539       -1.34243016949302       0.583564899658125     
 CH -0.156351616404669       0.206622310434021       -1.51804523406596     
   336.000000000000        11.9114497247634     
 CH  0.000000000000000E+000  0.000000000000000E+000  0.000000000000000E+000
 CH -0.457942363784110       -1.42521713996274       0.361448330205348     
 CH  -1.08206091650878       0.802597456282892      -0.746043856568915     
   336.000000000000        158.974081345297     
 CH  0.000000000000000E+000  0.000000000000000E+000  0.000000000000000E+000
 CH -0.325612615092568       -1.42180972317781       0.493997506035839     
 CH  -1.16768794031559       0.952014405583500      -0.319019412253923     
   336.000000000000        125.151108814448     
 CH  0.000000000000000E+000  0.000000000000000E+000  0.000000000000000E+000
 CH -0.316008066705321       -1.23420728705553       0.865142343407256     
 CH  -1.16884385449822       0.918057998099549      -0.403204037329734     
   336.000000000000        19.0700075204614     
 CH  0.000000000000000E+000  0.000000000000000E+000  0.000000000000000E+000
 CH -0.438144334810820      -0.624693258868203        1.33768003431232     
 CH  -1.10444892758672       0.732443756383666      -0.784422494500847     
   336.000000000000        12.0511514635085     
 CH  0.000000000000000E+000  0.000000000000000E+000  0.000000000000000E+000
 CH -0.438144334810820      -0.624693258868203        1.33768003431232     
 CH  -1.18146579013881       0.253238167689852      -0.954782151565778     
   336.000000000000        755.006495032563     
 CH  0.000000000000000E+000  0.000000000000000E+000  0.000000000000000E+000
 CH -0.434157287874378      -0.481396630873428        1.39691257177007     
 CH  -1.32020849432181       0.134528334214416      -0.781378012619911     
   336.000000000000        380.360872109104     
 CH  0.000000000000000E+000  0.000000000000000E+000  0.000000000000000E+000
 CH -0.256693385010455      -0.527781906064902        1.42378185327752     
 CH  -1.12163186376756       8.696405244342724E-003  -1.05520911411385     
   336.000000000000        1.21111459841634     
 CH  0.000000000000000E+000  0.000000000000000E+000  0.000000000000000E+000
 CH -0.288853906398746      -0.883416978367752        1.22789977729853     
 CH  -1.12163186376756       8.696405244342724E-003  -1.05520911411385     
   336.000000000000        18.2563453422213     
 CH  0.000000000000000E+000  0.000000000000000E+000  0.000000000000000E+000
 CH -0.317866392223788      -0.804148437044677        1.27432580131348     
 CH  -1.16921438065400       1.612468150122831E-003  -1.00226497085858     
   336.000000000000        434.416500875528     
 CH  0.000000000000000E+000  0.000000000000000E+000  0.000000000000000E+000
 CH -0.312597613545343      -0.902395968247021        1.20812426864842     
 CH  -1.29555989603073       9.136864691566556E-002 -0.827512094140906     
   336.000000000000        16.3552111684029     
 CH  0.000000000000000E+000  0.000000000000000E+000  0.000000000000000E+000
 CH -9.063880490644347E-002  -1.09104616840508        1.08305256818574     
 CH  -1.22472955603061       0.115782412544376      -0.926408056593999     
   336.000000000000        267.672999370824     
 CH  0.000000000000000E+000  0.000000000000000E+000  0.000000000000000E+000
 CH -0.145423754991386      -0.944066661051379        1.20796939985064     
 CH  -1.25787426187828       0.545415946261889      -0.701337099160760     
   336.000000000000       0.178101397960219     
 CH  0.000000000000000E+000  0.000000000000000E+000  0.000000000000000E+000
 CH -0.245411105342334       -1.09175975024962        1.05803309830531     
 CH  -1.27605304684978       0.728016427353534      -0.461823172784343     
   336.000000000000        44.0110951503373     
 CH  0.000000000000000E+000  0.000000000000000E+000  0.000000000000000E+000
 CH -0.154653714573611       -1.09792105126779        1.06876171046291     
 CH  -1.25459814015883       0.839690366975539      -0.304143936500980     
   336.000000000000        19.7168226109298     
 CH  0.000000000000000E+000  0.000000000000000E+000  0.000000000000000E+000
 CH -0.236208837915759      -0.999516800678423        1.14750666666998     
 CH  -1.12109694532957        1.03168024913535      -0.224449198057260     
   336.000000000000        1.86118216381600     
 CH  0.000000000000000E+000  0.000000000000000E+000  0.000000000000000E+000
 CH  2.426143893765455E-002 -0.687737921004398        1.37768934618557     
 CH  -1.02306104454762        1.14434438155445      -0.124185246006538     
   336.000000000000        163.824054518789     
 CH  0.000000000000000E+000  0.000000000000000E+000  0.000000000000000E+000
 CH  0.102104951667471      -0.461028494026607        1.46581967053950     
 CH  -1.12122452147415        1.04749322565772      -0.131200055023120     
   336.000000000000        36.0883103822179     
 CH  0.000000000000000E+000  0.000000000000000E+000  0.000000000000000E+000
 CH  0.164399889717102      -0.697072064477339        1.36332799178565     
 CH  -1.26328712453398       0.863721984786814      -0.172307613802758     
   336.000000000000        448.754086383203     
 CH  0.000000000000000E+000  0.000000000000000E+000  0.000000000000000E+000
 CH  9.675352321404246E-002  -1.07529953387875        1.09816650294289     
 CH  -1.26328712453398       0.863721984786814      -0.172307613802758     
   336.000000000000        115.075272517838     
 CH  0.000000000000000E+000  0.000000000000000E+000  0.000000000000000E+000
 CH  0.201364660060299      -0.942748389986341        1.20094868618811     
 CH  -1.27983366074808       0.835421348451685       0.188936262160424     
   336.000000000000        1.35712322775790     
 CH  0.000000000000000E+000  0.000000000000000E+000  0.000000000000000E+000
 CH  0.116229357904864       -1.24189320025303       0.903212054573185     
 CH  -1.44829703643831       0.484647442622785      -0.197869882485990     
   336.000000000000        125.054606287304     
 CH  0.000000000000000E+000  0.000000000000000E+000  0.000000000000000E+000
 CH  4.155069713225291E-002  -1.20292678992808       0.960645968940244     
 CH  -1.42452128796674       0.582576204028439      -5.425869903722564E-002
   336.000000000000        12.6994484409739     
 CH  0.000000000000000E+000  0.000000000000000E+000  0.000000000000000E+000
 CH  0.265890149158282       -1.39151082908807       0.603821199620570     
 CH  -1.49275832469792       0.378341550331244       1.141030805177008E-002
   336.000000000000        473.902962050044     
 CH  0.000000000000000E+000  0.000000000000000E+000  0.000000000000000E+000
 CH  0.484708662793277       -1.42139380402174       0.341023703137696     
 CH  -1.49730180759293       0.336019581505709      -0.129530218927846     
   336.000000000000        29.1401902446065     
 CH  0.000000000000000E+000  0.000000000000000E+000  0.000000000000000E+000
 CH  0.575116846364585       -1.15716675834043       0.837738447499909     
 CH  -1.53574028349342       6.371322383718701E-002 -9.509125383349432E-002
   336.000000000000        194.815320375950     
 CH  0.000000000000000E+000  0.000000000000000E+000  0.000000000000000E+000
 CH  0.802373819461574      -0.920821247169871       0.938021580030633     
 CH  -1.53237194112523       5.671089946054251E-002  0.142197214200122     
   336.000000000000        137.927441832619     
 CH  0.000000000000000E+000  0.000000000000000E+000  0.000000000000000E+000
 CH  0.687714119640766      -0.533014417398488        1.27064744146127     
 CH  -1.49161237508030       0.258416237849515       0.282689777520906     
   336.000000000000        44.9624120001627     
 CH  0.000000000000000E+000  0.000000000000000E+000  0.000000000000000E+000
 CH  0.810811344627569      -0.893004667640451       0.957458942720573     
 CH  -1.32900531466381       0.556479406510056       0.543760501983532     
   336.000000000000        304.620911576305     
 CH  0.000000000000000E+000  0.000000000000000E+000  0.000000000000000E+000
 CH  0.772093839870100      -0.848231606738244        1.02760607421565     
 CH  -1.30144878371442       0.715458421139998       0.407369918845177     
   336.000000000000       0.606079324460339     
 CH  0.000000000000000E+000  0.000000000000000E+000  0.000000000000000E+000
 CH  0.874650866258735      -0.711505168063063        1.04897390719331     
 CH  -1.22509836249794       0.726952050443843       0.585042441496485     
   336.000000000000        438.339862790704     
 CH  0.000000000000000E+000  0.000000000000000E+000  0.000000000000000E+000
 CH  0.846733206286279      -0.882222994844106       0.936122569293386     
 CH  -1.29786508547285       0.671840676382096       0.485567982120734     
   336.000000000000        4.01031938306835     
 CH  0.000000000000000E+000  0.000000000000000E+000  0.000000000000000E+000
 CH  0.725219902057234      -0.585280934263110        1.22601073471980     
 CH  -1.24315768168390       0.831344735773461       0.367457274474040     
   336.000000000000        20.9301115057820     
 CH  0.000000000000000E+000  0.000000000000000E+000  0.000000000000000E+000
 CH  0.703822438273861      -0.746949325508666        1.14817275725580     
 CH  -1.00529616361214        1.08497371718459       0.428732546277034     
   336.000000000000        73.1362794928347     
 CH  0.000000000000000E+000  0.000000000000000E+000  0.000000000000000E+000
 CH  0.570428332955497      -0.924068647394449        1.09192886758442     
 CH -0.926514800363665        1.06779783061569       0.610719295119549     
   336.000000000000        73.1362794928347     
 CH  0.000000000000000E+000  0.000000000000000E+000  0.000000000000000E+000
 CH  0.570428332955497      -0.924068647394449        1.09192886758442     
 CH -0.926514800363665        1.06779783061569       0.610719295119549     
   336.000000000000       7.544474444785010E-004
 CH  0.000000000000000E+000  0.000000000000000E+000  0.000000000000000E+000
 CH  0.547581349293061      -0.446425643968374        1.36837816787386     
 CH  -1.18819663221485       0.975627316535542       8.910691451715641E-002
   336.000000000000        53.5086345851767     
 CH  0.000000000000000E+000  0.000000000000000E+000  0.000000000000000E+000
 CH  0.612457537892803      -0.366342563479421        1.36465705965331     
 CH  -1.13268675269919        1.04331923903422       1.027742733519562E-002
