         100
   343.000000000000        74.7080281483954     
 C2  0.000000000000000E+000  0.000000000000000E+000  0.000000000000000E+000
 C3  0.454717521996304      -0.131431792602606        1.46545476186841     
 O_  -1.38128073993718       0.211169864406100      -0.188601889705501     
   343.000000000000        26.8491088224480     
 C2  0.000000000000000E+000  0.000000000000000E+000  0.000000000000000E+000
 C3  0.543572371748832      -0.191054768488140        1.42815515687522     
 O_  -1.39062441914302       0.225002962932382      -6.030968835892551E-002
   343.000000000000        11.3397277502837     
 C2  0.000000000000000E+000  0.000000000000000E+000  0.000000000000000E+000
 C3  0.577577193791717      -0.161034996854297        1.41847534874591     
 O_  -1.28995366332170       0.569076001878428      -1.648992189707347E-002
   343.000000000000        1.68907851497207     
 C2  0.000000000000000E+000  0.000000000000000E+000  0.000000000000000E+000
 C3  0.751478923782510      -0.370048283835335        1.29226301298969     
 O_  -1.26575245595764       0.566576996482296       0.254874663804521     
   343.000000000000        107.356631068063     
 C2  0.000000000000000E+000  0.000000000000000E+000  0.000000000000000E+000
 C3  0.684262174177393      -0.312238732816804        1.34383490456193     
 O_  -1.27234076975477       0.540835349921418       0.277030606342322     
   343.000000000000        7.09466407797161     
 C2  0.000000000000000E+000  0.000000000000000E+000  0.000000000000000E+000
 C3  0.330770251851588      -0.232247810506996        1.48601884073007     
 O_  -1.36501575788491       0.309673157765523      -0.170101096529635     
   343.000000000000        147.591394938974     
 C2  0.000000000000000E+000  0.000000000000000E+000  0.000000000000000E+000
 C3  0.451421340702693      -0.270751296442768        1.44724307171696     
 O_  -1.29926875164132       0.519216197076376      -0.174399308075233     
   343.000000000000       0.205293499574069     
 C2  0.000000000000000E+000  0.000000000000000E+000  0.000000000000000E+000
 C3  0.451421340702693      -0.270751296442768        1.44724307171696     
 O_  -1.40434256600738       2.197619996551016E-002 -0.124253253036098     
   343.000000000000        167.347697966476     
 C2  0.000000000000000E+000  0.000000000000000E+000  0.000000000000000E+000
 C3  0.278522461106684      -0.180636843088413        1.50379372574104     
 O_  -1.39940819070206      -4.792725215107155E-002 -0.165709267249645     
   343.000000000000        94.0272835971031     
 C2  0.000000000000000E+000  0.000000000000000E+000  0.000000000000000E+000
 C3  0.707543201054976      -0.550757567914838        1.25205779420337     
 O_  -1.35002396435713      -0.404413972696688       4.454774185427927E-002
   343.000000000000        233.783961126397     
 C2  0.000000000000000E+000  0.000000000000000E+000  0.000000000000000E+000
 C3  0.669068707725622      -0.576978386334857        1.26136553228824     
 O_  -1.29246560455233      -0.455159283736268      -0.332359074545932     
   343.000000000000        358.127308846899     
 C2  0.000000000000000E+000  0.000000000000000E+000  0.000000000000000E+000
 C3  0.438373723174151      -0.363261488314536        1.43089816896170     
 O_  -1.19282471044148      -0.543300669466758      -0.519705166101254     
   343.000000000000        493.642359367267     
 C2  0.000000000000000E+000  0.000000000000000E+000  0.000000000000000E+000
 C3  0.260279633239929      -0.220443795821181        1.50175199197618     
 O_  -1.04069307919574      -0.908262296120021      -0.283050142759280     
   343.000000000000        3.20668210859107     
 C2  0.000000000000000E+000  0.000000000000000E+000  0.000000000000000E+000
 C3  0.591751612741379      -0.607516142770157        1.28543928876149     
 O_ -0.956521808906161      -0.838635499994342      -0.608158198326140     
   343.000000000000        30.9859179495842     
 C2  0.000000000000000E+000  0.000000000000000E+000  0.000000000000000E+000
 C3   1.22311298878980      -0.736425492154292       0.577297246796659     
 O_ -0.935761999103299      -0.936308850331060      -0.485566766553372     
   343.000000000000        147.468378670603     
 C2  0.000000000000000E+000  0.000000000000000E+000  0.000000000000000E+000
 C3  0.785203711337369      -0.496413477564333        1.22826250899167     
 O_  -1.04255609192052      -0.921429924352954      -0.228349636876197     
   343.000000000000        12.9014090269493     
 C2  0.000000000000000E+000  0.000000000000000E+000  0.000000000000000E+000
 C3  0.799299372194208      -0.781744317728959        1.05905445341986     
 O_  -1.04813592933026      -0.747186556059287      -0.575519931059228     
   343.000000000000        23.2559033601554     
 C2  0.000000000000000E+000  0.000000000000000E+000  0.000000000000000E+000
 C3  0.915377389849171      -0.698153375036529        1.02287149685482     
 O_  -1.10677066522357      -0.820841008754142      -0.298962539297545     
   343.000000000000        2.57616678290537     
 C2  0.000000000000000E+000  0.000000000000000E+000  0.000000000000000E+000
 C3   1.38362088864622      -0.675966115423006       1.621873305133346E-002
 O_  -1.05084470456147      -0.919339451613003      -0.196571225153115     
   343.000000000000        353.045002359607     
 C2  0.000000000000000E+000  0.000000000000000E+000  0.000000000000000E+000
 C3   1.41027467257569      -0.617938953707581      -2.961076463561760E-002
 O_ -0.835064277668206      -0.996561826532032      -0.545556637771728     
   343.000000000000        207.440640836902     
 C2  0.000000000000000E+000  0.000000000000000E+000  0.000000000000000E+000
 C3   1.28279365181435      -0.759017290432589       0.387212086186862     
 O_ -0.872355740091979      -0.956648248879651      -0.558497500083255     
   343.000000000000        1140.41085051894     
 C2  0.000000000000000E+000  0.000000000000000E+000  0.000000000000000E+000
 C3   1.34780589817527      -0.380759574418806       0.640344756621269     
 O_ -0.873231704639118      -0.891936247780528      -0.655756042185983     
   343.000000000000        85.4643501636049     
 C2  0.000000000000000E+000  0.000000000000000E+000  0.000000000000000E+000
 C3   1.23126144003993      -0.736248966130164       0.559939930834600     
 O_ -0.787179180999205      -0.732711265038157      -0.911911731497505     
   343.000000000000        604.145653093412     
 C2  0.000000000000000E+000  0.000000000000000E+000  0.000000000000000E+000
 C3  0.912543931214997       -1.04494833221207       0.668540617023301     
 O_ -0.705015844854683      -0.777030069601538      -0.941953712447720     
   343.000000000000        33.6805552907095     
 C2  0.000000000000000E+000  0.000000000000000E+000  0.000000000000000E+000
 C3   1.21885643801328      -0.822136714858247       0.458345072620701     
 O_ -0.454806895081632      -0.478520135719803       -1.24590089286912     
   343.000000000000        17.9399475528447     
 C2  0.000000000000000E+000  0.000000000000000E+000  0.000000000000000E+000
 C3   1.15880473056440      -0.817419206440455       0.600497658083550     
 O_ -0.369908465781769      -0.524221677798958       -1.25557127492779     
   343.000000000000        91.2132372572183     
 C2  0.000000000000000E+000  0.000000000000000E+000  0.000000000000000E+000
 C3   1.09403083509328       -1.07260171484075       0.155634485849992     
 O_  -1.21161886254642      -0.648708272345743      -0.315051069300026     
   343.000000000000        77.9121740966708     
 C2  0.000000000000000E+000  0.000000000000000E+000  0.000000000000000E+000
 C3   1.07996651274760       -1.09763792900640      -2.152459408053906E-002
 O_  -1.23506223138358      -0.580428308008436      -0.354716972849398     
   343.000000000000        4.66326525723723     
 C2  0.000000000000000E+000  0.000000000000000E+000  0.000000000000000E+000
 C3   1.00500859462899       -1.11969258758430       0.328399503700373     
 O_  -1.31586845839357      -0.501814952526037      -6.907836550897833E-002
   343.000000000000        5.94090303927766     
 C2  0.000000000000000E+000  0.000000000000000E+000  0.000000000000000E+000
 C3  0.927805819039431       -1.06799689502000       0.608406931571480     
 O_  -1.31469125657082      -0.490694718353122      -0.137497128085494     
   343.000000000000        17.0123902459814     
 C2  0.000000000000000E+000  0.000000000000000E+000  0.000000000000000E+000
 C3  0.909810722284424       -1.19879818098935       0.326691553109243     
 O_  -1.33811058562020      -0.422662443377997      -0.137536855293729     
   343.000000000000        6.71099886818058     
 C2  0.000000000000000E+000  0.000000000000000E+000  0.000000000000000E+000
 C3  0.782455260887891       -1.12774537465530       0.698250767742107     
 O_  -1.37822050176381      -0.294381315226463      -4.413339686243398E-002
   343.000000000000        230.738821212802     
 C2  0.000000000000000E+000  0.000000000000000E+000  0.000000000000000E+000
 C3  0.863615497170585       -1.06461341634125       0.701688354465865     
 O_  -1.32359034446960      -0.342708418614786      -0.344614867341165     
   343.000000000000        190.454205761689     
 C2  0.000000000000000E+000  0.000000000000000E+000  0.000000000000000E+000
 C3  0.545223825890309       -1.39903816698353       0.342086519764974     
 O_  -1.36921959340105      -0.163870025415203      -0.294081938874610     
   343.000000000000        276.665503571800     
 C2  0.000000000000000E+000  0.000000000000000E+000  0.000000000000000E+000
 C3  0.771379660045959       -1.27495416558178       0.388671192311760     
 O_  -1.33928042307426      -0.124252446092788      -0.423071087366139     
   343.000000000000        51.7713603340052     
 C2  0.000000000000000E+000  0.000000000000000E+000  0.000000000000000E+000
 C3  0.848643383121825       -1.28498973434042      -1.434541471294550E-002
 O_  -1.31851666057214      -0.312122952973308      -0.390119142027271     
   343.000000000000        750.314994191659     
 C2  0.000000000000000E+000  0.000000000000000E+000  0.000000000000000E+000
 C3  0.930781111274924       -1.16202772055889      -0.393621772195766     
 O_  -1.24417895375337       0.228143308537973      -0.622952027656778     
   343.000000000000        216.271100322798     
 C2  0.000000000000000E+000  0.000000000000000E+000  0.000000000000000E+000
 C3  0.718751326747285       -1.08492164692585      -0.823372060693533     
 O_  -1.32684877353698       0.322218688179047      -0.351777367246324     
   343.000000000000        11.5509541162893     
 C2  0.000000000000000E+000  0.000000000000000E+000  0.000000000000000E+000
 C3  0.262305808256108       -1.20311980374778      -0.924823443033871     
 O_  -1.37090844659070       9.499445908265670E-002  0.315730820106381     
   343.000000000000        104.534089118812     
 C2  0.000000000000000E+000  0.000000000000000E+000  0.000000000000000E+000
 C3  0.533848565149560       -1.32210002793365      -0.581942630871458     
 O_  -1.36566512850453       1.559373206451183E-002  0.350450366331940     
   343.000000000000       0.488271450125126     
 C2  0.000000000000000E+000  0.000000000000000E+000  0.000000000000000E+000
 C3  0.663057718098072       -1.32429275463819      -0.422141164165950     
 O_  -1.40726624159478      -8.691103137554820E-002  1.216819000977250E-002
   343.000000000000        362.359987993908     
 C2  0.000000000000000E+000  0.000000000000000E+000  0.000000000000000E+000
 C3   1.01467906790910       -1.11202044743661      -0.324710507421635     
 O_  -1.34812817004799      -0.337063966975188       0.238826686626885     
   343.000000000000        26.6323990588014     
 C2  0.000000000000000E+000  0.000000000000000E+000  0.000000000000000E+000
 C3   1.05518252744507       -1.11613763837956      -0.111474687562395     
 O_  -1.32456426022419      -0.439445120843759      -0.201289277554821     
   343.000000000000       0.433713628619867     
 C2  0.000000000000000E+000  0.000000000000000E+000  0.000000000000000E+000
 C3   1.04711414880849       -1.12808850212856       5.067830630962627E-002
 O_  -1.30655049244294      -0.490844632442532       0.200242913619005     
   343.000000000000        168.896364729892     
 C2  0.000000000000000E+000  0.000000000000000E+000  0.000000000000000E+000
 C3   1.03098191733153       -1.12630143444017      -0.200303182484509     
 O_  -1.27086658882715      -0.609952408692797       3.091988822526771E-002
   343.000000000000       0.601048494840882     
 C2  0.000000000000000E+000  0.000000000000000E+000  0.000000000000000E+000
 C3  0.944219945944615       -1.13827544195644      -0.429392258802179     
 O_  -1.35862745317698      -0.356381059038001      -0.123384971483426     
   343.000000000000        1.48551820827238     
 C2  0.000000000000000E+000  0.000000000000000E+000  0.000000000000000E+000
 C3  0.887622097359129       -1.10057315884448      -0.610299708594771     
 O_  -1.36444851296446      -0.352872261645944      -4.314266316683044E-002
   343.000000000000        491.750933377191     
 C2  0.000000000000000E+000  0.000000000000000E+000  0.000000000000000E+000
 C3  0.809304030427195      -0.824221427772847       -1.01847239743372     
 O_  -1.40981932703250      -1.397338770445148E-002 -1.772220406304439E-002
   343.000000000000       0.658915257728513     
 C2  0.000000000000000E+000  0.000000000000000E+000  0.000000000000000E+000
 C3  0.696574539364642      -0.708938653052605       -1.17634599387973     
 O_  -1.36721798937425      -0.336432877750146       7.501836612040083E-002
   343.000000000000        156.402544483534     
 C2  0.000000000000000E+000  0.000000000000000E+000  0.000000000000000E+000
 C3  0.727479421430985      -0.663815422225570       -1.18394373878573     
 O_  -1.39314191895423      -0.199203568950474       8.702527635746975E-002
   343.000000000000        20.0676168360575     
 C2  0.000000000000000E+000  0.000000000000000E+000  0.000000000000000E+000
 C3  0.697895670625221      -0.774887130401626       -1.13317764188168     
 O_  -1.35681451999476      -0.374534653561946       8.293382040992665E-002
   343.000000000000        22.8527417976274     
 C2  0.000000000000000E+000  0.000000000000000E+000  0.000000000000000E+000
 C3  0.802089272073950      -0.660597766236179       -1.13660168522999     
 O_  -1.38203613586169      -0.179102211178214      -0.214472338726338     
   343.000000000000        69.3084937984990     
 C2  0.000000000000000E+000  0.000000000000000E+000  0.000000000000000E+000
 C3  0.752081671606125      -0.681464853388186       -1.15826543280492     
 O_  -1.34925309124964       0.167530528677889      -0.373563227137465     
   343.000000000000       7.656122528649334E-002
 C2  0.000000000000000E+000  0.000000000000000E+000  0.000000000000000E+000
 C3  0.693254982946508      -0.585617087461420       -1.24420663697516     
 O_  -1.34098584897785       0.349055081580024      -0.260801399190053     
   343.000000000000        24.1148310471289     
 C2  0.000000000000000E+000  0.000000000000000E+000  0.000000000000000E+000
 C3  0.532379493500480      -0.650469482784110       -1.29037263101274     
 O_  -1.31922098677170       0.486244096989611      -0.106407392407804     
   343.000000000000        122.122540531314     
 C2  0.000000000000000E+000  0.000000000000000E+000  0.000000000000000E+000
 C3  0.536637382384584      -0.527583692133214       -1.34360551041685     
 O_  -1.26336835309501       0.577405544786580      -0.242080788586957     
   343.000000000000        10.5613049189657     
 C2  0.000000000000000E+000  0.000000000000000E+000  0.000000000000000E+000
 C3  0.801463322028212      -0.391583032693353       -1.25535623308692     
 O_  -1.35670837926083       0.211600883347852      -0.320417394604344     
   343.000000000000        299.698298643201     
 C2  0.000000000000000E+000  0.000000000000000E+000  0.000000000000000E+000
 C3  0.720872304015665      -0.511616985427429       -1.26102782741909     
 O_  -1.37393488950582      -0.172971700619321      -0.265487433108725     
   343.000000000000        91.9622005479828     
 C2  0.000000000000000E+000  0.000000000000000E+000  0.000000000000000E+000
 C3  0.869560743580476      -0.720030807019485       -1.04738710616784     
 O_  -1.35286121770059      -0.275690702931583      -0.286113664325801     
   343.000000000000        2.47948039808847     
 C2  0.000000000000000E+000  0.000000000000000E+000  0.000000000000000E+000
 C3  0.796455645950719      -0.720878126932116       -1.10344602502527     
 O_  -1.38671291263911       1.644412754005399E-002 -0.254669895245946     
   343.000000000000        22.5383277523642     
 C2  0.000000000000000E+000  0.000000000000000E+000  0.000000000000000E+000
 C3  0.600313140185718      -0.456401934739579       -1.34272908946159     
 O_  -1.40455285622444       0.122901946060322      -1.504169809276910E-002
   343.000000000000        154.270271316160     
 C2  0.000000000000000E+000  0.000000000000000E+000  0.000000000000000E+000
 C3  0.625362458359578      -0.426082097819525       -1.34125905088919     
 O_  -1.37186922055662       0.224860010434271      -0.235611299287730     
   343.000000000000        862.233598447065     
 C2  0.000000000000000E+000  0.000000000000000E+000  0.000000000000000E+000
 C3  0.731741639952312      -0.650201830455140       -1.18886153610616     
 O_  -1.10656890017737       0.568680537143646      -0.663481411035325     
   343.000000000000        13.0139854209295     
 C2  0.000000000000000E+000  0.000000000000000E+000  0.000000000000000E+000
 C3  0.755962811140249      -0.917061430598904      -0.979345986197335     
 O_  -1.23883058905498       0.452638094132406      -0.498515189655296     
   343.000000000000        151.663382530078     
 C2  0.000000000000000E+000  0.000000000000000E+000  0.000000000000000E+000
 C3  0.652492290659908      -0.777738788434596       -1.15800526233419     
 O_  -1.24539888798016       0.607114252278480      -0.261713128163805     
   343.000000000000        70.5129007711899     
 C2  0.000000000000000E+000  0.000000000000000E+000  0.000000000000000E+000
 C3  0.680299627671597      -0.842755253326834       -1.09478582361114     
 O_  -1.02016438800472       0.863118615314055      -0.449878588399667     
   343.000000000000        210.067753123538     
 C2  0.000000000000000E+000  0.000000000000000E+000  0.000000000000000E+000
 C3  0.680299627671597      -0.842755253326834       -1.09478582361114     
 O_ -0.944315603809332       0.814230792599140      -0.658328279614940     
   343.000000000000        1.43924969884736     
 C2  0.000000000000000E+000  0.000000000000000E+000  0.000000000000000E+000
 C3  0.680299627671597      -0.842755253326834       -1.09478582361114     
 O_  -1.23731149199282       0.515262277017180      -0.437795528324295     
   343.000000000000        55.8157225894922     
 C2  0.000000000000000E+000  0.000000000000000E+000  0.000000000000000E+000
 C3  0.678512686357058      -0.903341445109604       -1.04651553643500     
 O_  -1.29913355766862       0.322067677798624      -0.443423361148066     
   343.000000000000        10.9226462594648     
 C2  0.000000000000000E+000  0.000000000000000E+000  0.000000000000000E+000
 C3  0.655124938078255      -0.950939445972743       -1.01888443191611     
 O_  -1.27441878388006       0.452760084815017      -0.398704070517394     
   343.000000000000        340.261578609258     
 C2  0.000000000000000E+000  0.000000000000000E+000  0.000000000000000E+000
 C3  0.569957485309300       -1.09458932649484      -0.921207181508854     
 O_  -1.35424364488330       0.114083637264813      -0.375644700424225     
   343.000000000000        11.5502201977920     
 C2  0.000000000000000E+000  0.000000000000000E+000  0.000000000000000E+000
 C3  0.551916980630122      -0.795588618934632       -1.19750841162550     
 O_  -1.40281735869820       0.140529929527958      -2.132285152202765E-002
   343.000000000000        23.2591238936834     
 C2  0.000000000000000E+000  0.000000000000000E+000  0.000000000000000E+000
 C3  0.470831620855185       -1.02594314491700       -1.04754868536059     
 O_  -1.31835257140007       0.457925386243398      -0.200874849276454     
   343.000000000000        73.0407252666254     
 C2  0.000000000000000E+000  0.000000000000000E+000  0.000000000000000E+000
 C3  0.250424050091960      -0.932254293892440       -1.19991238290746     
 O_  -1.33005841728678       0.464089493459876      -6.054267602212079E-002
   343.000000000000        2.73582243512715     
 C2  0.000000000000000E+000  0.000000000000000E+000  0.000000000000000E+000
 C3  0.254882472906211      -0.723620515041093       -1.33529332927896     
 O_  -1.25370051007470       0.645233612862954       2.912529042165681E-003
   343.000000000000        155.577315476125     
 C2  0.000000000000000E+000  0.000000000000000E+000  0.000000000000000E+000
 C3  0.182822773872426      -0.561166083462892       -1.42241641586580     
 O_  -1.31443590864070       0.322314639304293       0.395564637349219     
   343.000000000000        1.46657795497444     
 C2  0.000000000000000E+000  0.000000000000000E+000  0.000000000000000E+000
 C3  0.345926532703543      -0.684854421120983       -1.33525625100306     
 O_  -1.29397707993563       0.559521304049487      -2.567282359215192E-002
   343.000000000000        19.5006619110491     
 C2  0.000000000000000E+000  0.000000000000000E+000  0.000000000000000E+000
 C3  0.281934697558902      -0.438146558383621       -1.44918612320466     
 O_ -0.885581077142055        1.09255527535870       0.100841425262465     
   343.000000000000        51.7686253835246     
 C2  0.000000000000000E+000  0.000000000000000E+000  0.000000000000000E+000
 C3  0.281934697558902      -0.438146558383621       -1.44918612320466     
 O_ -0.606027489455101        1.26658058083170       0.128857212603580     
   343.000000000000       0.125599881444188     
 C2  0.000000000000000E+000  0.000000000000000E+000  0.000000000000000E+000
 C3  0.421520769858030      -0.622139844802713       -1.34419576479290     
 O_ -0.670957700426842        1.22840004454198      -0.170143944242412     
   343.000000000000        162.484724301620     
 C2  0.000000000000000E+000  0.000000000000000E+000  0.000000000000000E+000
 C3  0.421520769858030      -0.622139844802713       -1.34419576479290     
 O_ -0.841375916783578        1.13024307778557      -5.231652444091772E-002
   343.000000000000        44.5614605763646     
 C2  0.000000000000000E+000  0.000000000000000E+000  0.000000000000000E+000
 C3  0.421520769858030      -0.622139844802713       -1.34419576479290     
 O_ -0.996488528702220       0.971444694897740      -0.226728215877720     
   343.000000000000        2.23318628463409     
 C2  0.000000000000000E+000  0.000000000000000E+000  0.000000000000000E+000
 C3  0.263065889631448      -0.648580667771069       -1.37176508743518     
 O_  -1.02787693112229       0.964135126193654      -4.485911124117218E-002
   343.000000000000        49.6534309588134     
 C2  0.000000000000000E+000  0.000000000000000E+000  0.000000000000000E+000
 C3  0.306019565804219      -0.499097874202083       -1.42437822831998     
 O_  -1.28993881499079       0.542771776453928       0.171920095452434     
   343.000000000000        10.9401731072608     
 C2  0.000000000000000E+000  0.000000000000000E+000  0.000000000000000E+000
 C3  0.306019565804219      -0.499097874202083       -1.42437822831998     
 O_  -1.22625363614102       0.695275848771482       3.151794601808556E-002
   343.000000000000        255.993031413035     
 C2  0.000000000000000E+000  0.000000000000000E+000  0.000000000000000E+000
 C3  0.395916891552060      -0.642937571520345       -1.34219264418759     
 O_ -0.988246406775218        1.00570412336913      -5.303083007008205E-003
   343.000000000000       0.263038203004347     
 C2  0.000000000000000E+000  0.000000000000000E+000  0.000000000000000E+000
 C3  0.329877892382814      -0.810332469689134       -1.26733652385015     
 O_ -0.902719477627274        1.05151315652552      -0.259841284866845     
   343.000000000000        7.64587178348825     
 C2  0.000000000000000E+000  0.000000000000000E+000  0.000000000000000E+000
 C3  0.186780585208360      -0.934991437016734       -1.20934032666351     
 O_ -0.433455314342214        1.27650906983247      -0.413208121966533     
   343.000000000000        251.793062222124     
 C2  0.000000000000000E+000  0.000000000000000E+000  0.000000000000000E+000
 C3  0.182562183507487      -0.923509883673157       -1.21877009477218     
 O_ -0.174972461779926        1.38041466876556      -0.227903152305334     
   343.000000000000       0.630868059092585     
 C2  0.000000000000000E+000  0.000000000000000E+000  0.000000000000000E+000
 C3  0.148315183307610      -0.861585656806911       -1.26778261637595     
 O_ -0.426365004821223        1.31205797819720      -0.291232916182307     
   343.000000000000        1.52084916077473     
 C2  0.000000000000000E+000  0.000000000000000E+000  0.000000000000000E+000
 C3  0.295832603615026      -0.987872489810203       -1.14376178224076     
 O_ -0.124773865670955        1.32905843543039      -0.454020951732438     
   343.000000000000        117.771567318828     
 C2  0.000000000000000E+000  0.000000000000000E+000  0.000000000000000E+000
 C3  0.295832603615026      -0.987872489810203       -1.14376178224076     
 O_  0.353520872383060        1.29015449630924      -0.445672789608861     
   343.000000000000       1.977283957046438E-003
 C2  0.000000000000000E+000  0.000000000000000E+000  0.000000000000000E+000
 C3  0.295832603615026      -0.987872489810203       -1.14376178224076     
 O_  0.343787401865478        1.32379978492815      -0.342730533652824     
   343.000000000000        274.865700712521     
 C2  0.000000000000000E+000  0.000000000000000E+000  0.000000000000000E+000
 C3  0.295832603615026      -0.987872489810203       -1.14376178224076     
 O_  0.118149409197375        1.28310511091612      -0.572522364980097     
   343.000000000000        1.46942560504777     
 C2  0.000000000000000E+000  0.000000000000000E+000  0.000000000000000E+000
 C3  0.196538114737931       -1.10856450918342       -1.05074140416860     
 O_  0.323588677729118        1.27868522339707      -0.498351616899826     
   343.000000000000        27.4537245635041     
 C2  0.000000000000000E+000  0.000000000000000E+000  0.000000000000000E+000
 C3  0.298452362963159       -1.16315734598085      -0.964153087187143     
 O_  0.340240010587419        1.27034911248051      -0.508477860452773     
   343.000000000000        51.9530913672339     
 C2  0.000000000000000E+000  0.000000000000000E+000  0.000000000000000E+000
 C3  0.226109277500996       -1.11793696534041       -1.03474225590408     
 O_  0.175762418345671        1.30897956209626      -0.493740767272409     
   343.000000000000        205.421208806181     
 C2  0.000000000000000E+000  0.000000000000000E+000  0.000000000000000E+000
 C3  0.556911782995855       -1.23426332045305      -0.733514363693450     
 O_  0.362212836720147        1.27165658076222      -0.489684866495224     
   343.000000000000        876.187684455648     
 C2  0.000000000000000E+000  0.000000000000000E+000  0.000000000000000E+000
 C3  0.781049846519564       -1.32364938332218      -9.753690215805663E-002
 O_  0.450368041301361        1.21722983956637      -0.551017251997401     
   343.000000000000        86.3969846441963     
 C2  0.000000000000000E+000  0.000000000000000E+000  0.000000000000000E+000
 C3  0.406814774314477       -1.45196412104241      -0.312892842048225     
 O_  0.158174812185923       0.920142954067679       -1.05660661545569     
