         100
   343.150000000000        4.21860395472256     
 C4  0.000000000000000E+000  0.000000000000000E+000  0.000000000000000E+000
 O3   1.41000000000000       0.000000000000000E+000  0.000000000000000E+000
 C5 -0.597116051925755       0.164306062737897       -1.40998435301665     
   343.150000000000        4.21860395472256     
 C4  0.000000000000000E+000  0.000000000000000E+000  0.000000000000000E+000
 O3   1.41000000000000       0.000000000000000E+000  0.000000000000000E+000
 C5 -0.597116051925755       0.164306062737897       -1.40998435301665     
   343.150000000000        4.21860395472256     
 C4  0.000000000000000E+000  0.000000000000000E+000  0.000000000000000E+000
 O3   1.41000000000000       0.000000000000000E+000  0.000000000000000E+000
 C5 -0.597116051925755       0.164306062737897       -1.40998435301665     
   343.150000000000        13.1883193202553     
 C4  0.000000000000000E+000  0.000000000000000E+000  0.000000000000000E+000
 O3   1.41000000000000       0.000000000000000E+000  0.000000000000000E+000
 C5 -0.540857268495936       0.108328545880757       -1.43782414736090     
   343.150000000000        243.838619057489     
 C4  0.000000000000000E+000  0.000000000000000E+000  0.000000000000000E+000
 O3   1.41000000000000       0.000000000000000E+000  0.000000000000000E+000
 C5 -0.727422716365561      -6.207507845241457E-002  -1.35595088916306     
   343.150000000000        1016.34389919052     
 C4  0.000000000000000E+000  0.000000000000000E+000  0.000000000000000E+000
 O3   1.41000000000000       0.000000000000000E+000  0.000000000000000E+000
 C5 -0.875177243471915      -5.939581077351425E-003  -1.26713434621478     
   343.150000000000        159.208770639152     
 C4  0.000000000000000E+000  0.000000000000000E+000  0.000000000000000E+000
 O3   1.41000000000000       0.000000000000000E+000  0.000000000000000E+000
 C5 -0.450267276714078      -8.760544062851663E-002  -1.47009680081428     
   343.150000000000        236.666744519916     
 C4  0.000000000000000E+000  0.000000000000000E+000  0.000000000000000E+000
 O3   1.41000000000000       0.000000000000000E+000  0.000000000000000E+000
 C5 -0.422015116294747      -0.139864827510632       -1.47442904512756     
   343.150000000000        12.6956624234536     
 C4  0.000000000000000E+000  0.000000000000000E+000  0.000000000000000E+000
 O3   1.41000000000000       0.000000000000000E+000  0.000000000000000E+000
 C5 -0.611898069507992      -0.235362886954960       -1.39347945856702     
   343.150000000000        12.6956624234536     
 C4  0.000000000000000E+000  0.000000000000000E+000  0.000000000000000E+000
 O3   1.41000000000000       0.000000000000000E+000  0.000000000000000E+000
 C5 -0.611898069507992      -0.235362886954960       -1.39347945856702     
   343.150000000000        143.071236364736     
 C4  0.000000000000000E+000  0.000000000000000E+000  0.000000000000000E+000
 O3   1.41000000000000       0.000000000000000E+000  0.000000000000000E+000
 C5 -0.456949156848093      -0.263054799043840       -1.44692763406725     
   343.150000000000        19.4561274540113     
 C4  0.000000000000000E+000  0.000000000000000E+000  0.000000000000000E+000
 O3   1.41000000000000       0.000000000000000E+000  0.000000000000000E+000
 C5 -0.533078501012903      -0.815181996914487       -1.19285605214375     
   343.150000000000        11.6231329676808     
 C4  0.000000000000000E+000  0.000000000000000E+000  0.000000000000000E+000
 O3   1.41000000000000       0.000000000000000E+000  0.000000000000000E+000
 C5 -0.543073241617759      -0.606744338069102       -1.30710852645505     
   343.150000000000        82.5543195685503     
 C4  0.000000000000000E+000  0.000000000000000E+000  0.000000000000000E+000
 O3   1.41000000000000       0.000000000000000E+000  0.000000000000000E+000
 C5 -0.665412787915735      -0.856475882116134       -1.09328624911467     
   343.150000000000        10.3211662033502     
 C4  0.000000000000000E+000  0.000000000000000E+000  0.000000000000000E+000
 O3   1.41000000000000       0.000000000000000E+000  0.000000000000000E+000
 C5 -0.608471468529448       -1.17455096709745      -0.788538163405983     
   343.150000000000        9.95023082525651     
 C4  0.000000000000000E+000  0.000000000000000E+000  0.000000000000000E+000
 O3   1.41000000000000       0.000000000000000E+000  0.000000000000000E+000
 C5 -0.545612324380494       -1.26019783300496      -0.696999677650812     
   343.150000000000        214.061947502169     
 C4  0.000000000000000E+000  0.000000000000000E+000  0.000000000000000E+000
 O3   1.41000000000000       0.000000000000000E+000  0.000000000000000E+000
 C5 -0.429722786984890       -1.26659478440590      -0.763332113783593     
   343.150000000000        63.5093700051715     
 C4  0.000000000000000E+000  0.000000000000000E+000  0.000000000000000E+000
 O3   1.41000000000000       0.000000000000000E+000  0.000000000000000E+000
 C5 -0.654668414700139       -1.23515003452281      -0.646075534658245     
   343.150000000000        804.022103100386     
 C4  0.000000000000000E+000  0.000000000000000E+000  0.000000000000000E+000
 O3   1.41000000000000       0.000000000000000E+000  0.000000000000000E+000
 C5 -0.844032748686357       -1.00606498883409      -0.804389143921539     
   343.150000000000        201.856877406419     
 C4  0.000000000000000E+000  0.000000000000000E+000  0.000000000000000E+000
 O3   1.41000000000000       0.000000000000000E+000  0.000000000000000E+000
 C5 -0.434049064255849       -1.13696268261952      -0.943672191823442     
   343.150000000000        174.268908726559     
 C4  0.000000000000000E+000  0.000000000000000E+000  0.000000000000000E+000
 O3   1.41000000000000       0.000000000000000E+000  0.000000000000000E+000
 C5 -0.444323160730758       -1.47324379922546      -6.107024114555770E-002
   343.150000000000        156.490587260025     
 C4  0.000000000000000E+000  0.000000000000000E+000  0.000000000000000E+000
 O3   1.41000000000000       0.000000000000000E+000  0.000000000000000E+000
 C5 -0.451368842859527       -1.31946745148106       0.653354229839639     
   343.150000000000        54.5590353876921     
 C4  0.000000000000000E+000  0.000000000000000E+000  0.000000000000000E+000
 O3   1.41000000000000       0.000000000000000E+000  0.000000000000000E+000
 C5 -0.503238832053607       -1.25176637397833       0.742584379287692     
   343.150000000000        36.7988658397781     
 C4  0.000000000000000E+000  0.000000000000000E+000  0.000000000000000E+000
 O3   1.41000000000000       0.000000000000000E+000  0.000000000000000E+000
 C5 -0.516505471281567       -1.44190419274385       0.160419246212919     
   343.150000000000        7.70529988237949     
 C4  0.000000000000000E+000  0.000000000000000E+000  0.000000000000000E+000
 O3   1.41000000000000       0.000000000000000E+000  0.000000000000000E+000
 C5 -0.549380429879183       -1.28335992576512       0.650206414669627     
   343.150000000000        133.710059339886     
 C4  0.000000000000000E+000  0.000000000000000E+000  0.000000000000000E+000
 O3   1.41000000000000       0.000000000000000E+000  0.000000000000000E+000
 C5 -0.460994399225197      -0.992229583802346        1.08377329473559     
   343.150000000000        270.944834794722     
 C4  0.000000000000000E+000  0.000000000000000E+000  0.000000000000000E+000
 O3   1.41000000000000       0.000000000000000E+000  0.000000000000000E+000
 C5 -0.410978829683137       -1.39248833673526       0.513490575454099     
   343.150000000000        15.9944403452084     
 C4  0.000000000000000E+000  0.000000000000000E+000  0.000000000000000E+000
 O3   1.41000000000000       0.000000000000000E+000  0.000000000000000E+000
 C5 -0.537188780505096       -1.40681755889176       0.322323606899783     
   343.150000000000        46.3125722952442     
 C4  0.000000000000000E+000  0.000000000000000E+000  0.000000000000000E+000
 O3   1.41000000000000       0.000000000000000E+000  0.000000000000000E+000
 C5 -0.643427593000081       -1.25620308895638       0.616080083539631     
   343.150000000000        70.2730437807618     
 C4  0.000000000000000E+000  0.000000000000000E+000  0.000000000000000E+000
 O3   1.41000000000000       0.000000000000000E+000  0.000000000000000E+000
 C5 -0.493197287806665      -0.847873805185205        1.18720949425640     
   343.150000000000        71.7118922257299     
 C4  0.000000000000000E+000  0.000000000000000E+000  0.000000000000000E+000
 O3   1.41000000000000       0.000000000000000E+000  0.000000000000000E+000
 C5 -0.492335771197382      -0.864922935931924        1.17520795639325     
   343.150000000000       0.291153537904819     
 C4  0.000000000000000E+000  0.000000000000000E+000  0.000000000000000E+000
 O3   1.41000000000000       0.000000000000000E+000  0.000000000000000E+000
 C5 -0.571562178447682       -1.13248343891364       0.873153980822449     
   343.150000000000        59.3855377378920     
 C4  0.000000000000000E+000  0.000000000000000E+000  0.000000000000000E+000
 O3   1.41000000000000       0.000000000000000E+000  0.000000000000000E+000
 C5 -0.652131437535505      -0.877863308873699        1.08428803211269     
   343.150000000000        903.095168724083     
 C4  0.000000000000000E+000  0.000000000000000E+000  0.000000000000000E+000
 O3   1.41000000000000       0.000000000000000E+000  0.000000000000000E+000
 C5 -0.859084045778337       -1.06363103022697       0.708705560369798     
   343.150000000000        5.45342039109395     
 C4  0.000000000000000E+000  0.000000000000000E+000  0.000000000000000E+000
 O3   1.41000000000000       0.000000000000000E+000  0.000000000000000E+000
 C5 -0.553761229699106      -0.973337777835705        1.05714805405468     
   343.150000000000        100.100733057839     
 C4  0.000000000000000E+000  0.000000000000000E+000  0.000000000000000E+000
 O3   1.41000000000000       0.000000000000000E+000  0.000000000000000E+000
 C5 -0.674226435877185       -1.00389917799172       0.953522464897140     
   343.150000000000        5.69441011275283     
 C4  0.000000000000000E+000  0.000000000000000E+000  0.000000000000000E+000
 O3   1.41000000000000       0.000000000000000E+000  0.000000000000000E+000
 C5 -0.600377205495107       -1.21502204892029       0.731347092173788     
   343.150000000000        53.2799720807595     
 C4  0.000000000000000E+000  0.000000000000000E+000  0.000000000000000E+000
 O3   1.41000000000000       0.000000000000000E+000  0.000000000000000E+000
 C5 -0.648203349113269      -0.702776243432835        1.20728534627751     
   343.150000000000        1.09518286019247     
 C4  0.000000000000000E+000  0.000000000000000E+000  0.000000000000000E+000
 O3   1.41000000000000       0.000000000000000E+000  0.000000000000000E+000
 C5 -0.587212356700949      -0.419053532018174        1.36057918656447     
   343.150000000000        152.826776248104     
 C4  0.000000000000000E+000  0.000000000000000E+000  0.000000000000000E+000
 O3   1.41000000000000       0.000000000000000E+000  0.000000000000000E+000
 C5 -0.696706165310946      -0.828664379018825        1.09522408831923     
   343.150000000000        807.416551536849     
 C4  0.000000000000000E+000  0.000000000000000E+000  0.000000000000000E+000
 O3   1.41000000000000       0.000000000000000E+000  0.000000000000000E+000
 C5 -0.844565289491749      -0.915919831976660       0.905207308106374     
   343.150000000000        40.6834246323830     
 C4  0.000000000000000E+000  0.000000000000000E+000  0.000000000000000E+000
 O3   1.41000000000000       0.000000000000000E+000  0.000000000000000E+000
 C5 -0.513372546839145      -0.991246597833220        1.06088583170272     
   343.150000000000        975.327575113671     
 C4  0.000000000000000E+000  0.000000000000000E+000  0.000000000000000E+000
 O3   1.41000000000000       0.000000000000000E+000  0.000000000000000E+000
 C5 -0.869473380516261       -1.10677733420226       0.625027927809145     
   343.150000000000        149.759917934665     
 C4  0.000000000000000E+000  0.000000000000000E+000  0.000000000000000E+000
 O3   1.41000000000000       0.000000000000000E+000  0.000000000000000E+000
 C5 -0.454137285273243       -1.44987818137595       0.251421007010653     
   343.150000000000        5.98376180241882     
 C4  0.000000000000000E+000  0.000000000000000E+000  0.000000000000000E+000
 O3   1.41000000000000       0.000000000000000E+000  0.000000000000000E+000
 C5 -0.600964362761461       -1.29771716901799       0.571289700063177     
   343.150000000000        7.55202772551750     
 C4  0.000000000000000E+000  0.000000000000000E+000  0.000000000000000E+000
 O3   1.41000000000000       0.000000000000000E+000  0.000000000000000E+000
 C5 -0.603923480430040       -1.30668911872730       0.547211032652446     
   343.150000000000        804.805153325894     
 C4  0.000000000000000E+000  0.000000000000000E+000  0.000000000000000E+000
 O3   1.41000000000000       0.000000000000000E+000  0.000000000000000E+000
 C5 -0.287500571540637       -1.36305403107142       0.656526516764854     
   343.150000000000        122.985762056778     
 C4  0.000000000000000E+000  0.000000000000000E+000  0.000000000000000E+000
 O3   1.41000000000000       0.000000000000000E+000  0.000000000000000E+000
 C5 -0.465802392417602       -1.36188953287905       0.547617538912113     
   343.150000000000        5.82592868043741     
 C4  0.000000000000000E+000  0.000000000000000E+000  0.000000000000000E+000
 O3   1.41000000000000       0.000000000000000E+000  0.000000000000000E+000
 C5 -0.552981665653046       -1.16897358448401       0.836248751091334     
   343.150000000000        1.52904407763388     
 C4  0.000000000000000E+000  0.000000000000000E+000  0.000000000000000E+000
 O3   1.41000000000000       0.000000000000000E+000  0.000000000000000E+000
 C5 -0.564663355714598       -1.04507035921197       0.980093452932581     
   343.150000000000       0.818135243939121     
 C4  0.000000000000000E+000  0.000000000000000E+000  0.000000000000000E+000
 O3   1.41000000000000       0.000000000000000E+000  0.000000000000000E+000
 C5 -0.585814063877122       -1.17312842614247       0.807583751577430     
   343.150000000000        5.59818143326277     
 C4  0.000000000000000E+000  0.000000000000000E+000  0.000000000000000E+000
 O3   1.41000000000000       0.000000000000000E+000  0.000000000000000E+000
 C5 -0.553455231062319       -1.43568159811397       6.407490552710514E-002
   343.150000000000        52.9119963547503     
 C4  0.000000000000000E+000  0.000000000000000E+000  0.000000000000000E+000
 O3   1.41000000000000       0.000000000000000E+000  0.000000000000000E+000
 C5 -0.504369435088325       -1.28032360201608       0.691363062754215     
   343.150000000000       0.511021230567856     
 C4  0.000000000000000E+000  0.000000000000000E+000  0.000000000000000E+000
 O3   1.41000000000000       0.000000000000000E+000  0.000000000000000E+000
 C5 -0.569828507353017       -1.43004792793384       4.310839235687537E-002
   343.150000000000        12.3283123560700     
 C4  0.000000000000000E+000  0.000000000000000E+000  0.000000000000000E+000
 O3   1.41000000000000       0.000000000000000E+000  0.000000000000000E+000
 C5 -0.611390547618797       -1.40780073075235      -0.126089802312334     
   343.150000000000        169.082866367941     
 C4  0.000000000000000E+000  0.000000000000000E+000  0.000000000000000E+000
 O3   1.41000000000000       0.000000000000000E+000  0.000000000000000E+000
 C5 -0.702785980444950       -1.30856037544576      -0.406646710271836     
   343.150000000000        342.729218015231     
 C4  0.000000000000000E+000  0.000000000000000E+000  0.000000000000000E+000
 O3   1.41000000000000       0.000000000000000E+000  0.000000000000000E+000
 C5 -0.754473857836675       -1.33735919704099       0.117641461239436     
   343.150000000000        284.237565217908     
 C4  0.000000000000000E+000  0.000000000000000E+000  0.000000000000000E+000
 O3   1.41000000000000       0.000000000000000E+000  0.000000000000000E+000
 C5 -0.406882746447898       -1.10742628424492      -0.989774415247301     
   343.150000000000       0.978063138801311     
 C4  0.000000000000000E+000  0.000000000000000E+000  0.000000000000000E+000
 O3   1.41000000000000       0.000000000000000E+000  0.000000000000000E+000
 C5 -0.567115473661164      -0.805940558910043       -1.18340178828218     
   343.150000000000        393.109085624499     
 C4  0.000000000000000E+000  0.000000000000000E+000  0.000000000000000E+000
 O3   1.41000000000000       0.000000000000000E+000  0.000000000000000E+000
 C5 -0.766642019687602       -1.26620426751289      -0.424954943556478     
   343.150000000000        28.3554931769539     
 C4  0.000000000000000E+000  0.000000000000000E+000  0.000000000000000E+000
 O3   1.41000000000000       0.000000000000000E+000  0.000000000000000E+000
 C5 -0.629070959331082       -1.33915882985674      -0.427227449977898     
   343.150000000000        17.1909577774107     
 C4  0.000000000000000E+000  0.000000000000000E+000  0.000000000000000E+000
 O3   1.41000000000000       0.000000000000000E+000  0.000000000000000E+000
 C5 -0.535722407760807       -1.37054395037978      -0.454104304507212     
   343.150000000000        82.3967194267567     
 C4  0.000000000000000E+000  0.000000000000000E+000  0.000000000000000E+000
 O3   1.41000000000000       0.000000000000000E+000  0.000000000000000E+000
 C5 -0.665329452321458       -1.25977559266761      -0.584723963476984     
   343.150000000000        22.9725875873743     
 C4  0.000000000000000E+000  0.000000000000000E+000  0.000000000000000E+000
 O3   1.41000000000000       0.000000000000000E+000  0.000000000000000E+000
 C5 -0.529259365323712      -0.657704585117565       -1.28798646747708     
   343.150000000000        386.326528170068     
 C4  0.000000000000000E+000  0.000000000000000E+000  0.000000000000000E+000
 O3   1.41000000000000       0.000000000000000E+000  0.000000000000000E+000
 C5 -0.378091825809734      -0.496473929718689       -1.40789209310840     
   343.150000000000        20.8147846889203     
 C4  0.000000000000000E+000  0.000000000000000E+000  0.000000000000000E+000
 O3   1.41000000000000       0.000000000000000E+000  0.000000000000000E+000
 C5 -0.621648684371446       -1.03167991517437      -0.959577721352819     
   343.150000000000        102.382423226229     
 C4  0.000000000000000E+000  0.000000000000000E+000  0.000000000000000E+000
 O3   1.41000000000000       0.000000000000000E+000  0.000000000000000E+000
 C5 -0.475653041025672       -1.23504816217636      -0.787407238434757     
   343.150000000000        18.7943478579672     
 C4  0.000000000000000E+000  0.000000000000000E+000  0.000000000000000E+000
 O3   1.41000000000000       0.000000000000000E+000  0.000000000000000E+000
 C5 -0.619435411853150       -1.37465187355390      -0.313419741797938     
   343.150000000000        12.4291683766209     
 C4  0.000000000000000E+000  0.000000000000000E+000  0.000000000000000E+000
 O3   1.41000000000000       0.000000000000000E+000  0.000000000000000E+000
 C5 -0.611530640166992       -1.39070048609817      -0.252155451209921     
   343.150000000000        27.3243988769946     
 C4  0.000000000000000E+000  0.000000000000000E+000  0.000000000000000E+000
 O3   1.41000000000000       0.000000000000000E+000  0.000000000000000E+000
 C5 -0.628120986341262       -1.37612774808469      -0.288680420085333     
   343.150000000000        224.067525415924     
 C4  0.000000000000000E+000  0.000000000000000E+000  0.000000000000000E+000
 O3   1.41000000000000       0.000000000000000E+000  0.000000000000000E+000
 C5 -0.426264721027226       -1.12971474126148      -0.955846707613573     
   343.150000000000        82.0241696369986     
 C4  0.000000000000000E+000  0.000000000000000E+000  0.000000000000000E+000
 O3   1.41000000000000       0.000000000000000E+000  0.000000000000000E+000
 C5 -0.486394003424879       -1.31922331953710      -0.628228178366307     
   343.150000000000        5.85517296067576     
 C4  0.000000000000000E+000  0.000000000000000E+000  0.000000000000000E+000
 O3   1.41000000000000       0.000000000000000E+000  0.000000000000000E+000
 C5 -0.600705234601282       -1.24010849296101      -0.687665677695352     
   343.150000000000        223.019668390214     
 C4  0.000000000000000E+000  0.000000000000000E+000  0.000000000000000E+000
 O3   1.41000000000000       0.000000000000000E+000  0.000000000000000E+000
 C5 -0.426623313935378       -1.42250470809793      -0.407520356445702     
   343.150000000000       6.674975591243992E-002
 C4  0.000000000000000E+000  0.000000000000000E+000  0.000000000000000E+000
 O3   1.41000000000000       0.000000000000000E+000  0.000000000000000E+000
 C5 -0.574342140943191       -1.24155396136986      -0.707301069994394     
   343.150000000000        6.75604224274899     
 C4  0.000000000000000E+000  0.000000000000000E+000  0.000000000000000E+000
 O3   1.41000000000000       0.000000000000000E+000  0.000000000000000E+000
 C5 -0.602464877733656      -0.643908905144190       -1.26254399148901     
   343.150000000000        45.2431095840302     
 C4  0.000000000000000E+000  0.000000000000000E+000  0.000000000000000E+000
 O3   1.41000000000000       0.000000000000000E+000  0.000000000000000E+000
 C5 -0.509877544447356      -0.561906858858853       -1.34010652901452     
   343.150000000000        18.6393023380036     
 C4  0.000000000000000E+000  0.000000000000000E+000  0.000000000000000E+000
 O3   1.41000000000000       0.000000000000000E+000  0.000000000000000E+000
 C5 -0.534013411575100      -0.970855456129438       -1.06951825465171     
   343.150000000000        18.8837653859714     
 C4  0.000000000000000E+000  0.000000000000000E+000  0.000000000000000E+000
 O3   1.41000000000000       0.000000000000000E+000  0.000000000000000E+000
 C5 -0.619535842786872      -0.824723936620215       -1.14350588338654     
   343.150000000000        30.7223272605819     
 C4  0.000000000000000E+000  0.000000000000000E+000  0.000000000000000E+000
 O3   1.41000000000000       0.000000000000000E+000  0.000000000000000E+000
 C5 -0.631187243765528      -0.730090231150800       -1.20007118753742     
   343.150000000000        24.8372475426684     
 C4  0.000000000000000E+000  0.000000000000000E+000  0.000000000000000E+000
 O3   1.41000000000000       0.000000000000000E+000  0.000000000000000E+000
 C5 -0.527351471019222       -1.17989760122504      -0.837461649336176     
   343.150000000000        113.129216073890     
 C4  0.000000000000000E+000  0.000000000000000E+000  0.000000000000000E+000
 O3   1.41000000000000       0.000000000000000E+000  0.000000000000000E+000
 C5 -0.470405228631035      -0.626632879509116       -1.32576396566897     
   343.150000000000        472.495430808253     
 C4  0.000000000000000E+000  0.000000000000000E+000  0.000000000000000E+000
 O3   1.41000000000000       0.000000000000000E+000  0.000000000000000E+000
 C5 -0.784215633413925       -1.27190996053930      -0.372626931476673     
   343.150000000000        46.4180851126139     
 C4  0.000000000000000E+000  0.000000000000000E+000  0.000000000000000E+000
 O3   1.41000000000000       0.000000000000000E+000  0.000000000000000E+000
 C5 -0.509005381299610       -1.32791523972032      -0.590893032111713     
   343.150000000000        12.6395166209759     
 C4  0.000000000000000E+000  0.000000000000000E+000  0.000000000000000E+000
 O3   1.41000000000000       0.000000000000000E+000  0.000000000000000E+000
 C5 -0.611820984832511       -1.13104053301370      -0.847361984437752     
   343.150000000000        122.706614366633     
 C4  0.000000000000000E+000  0.000000000000000E+000  0.000000000000000E+000
 O3   1.41000000000000       0.000000000000000E+000  0.000000000000000E+000
 C5 -0.684474474374860       -1.19471486702447      -0.689747068070310     
   343.150000000000        10.0749459481165     
 C4  0.000000000000000E+000  0.000000000000000E+000  0.000000000000000E+000
 O3   1.41000000000000       0.000000000000000E+000  0.000000000000000E+000
 C5 -0.545416061767004       -1.16893423242062      -0.841257402531115     
   343.150000000000        6.06611467231278     
 C4  0.000000000000000E+000  0.000000000000000E+000  0.000000000000000E+000
 O3   1.41000000000000       0.000000000000000E+000  0.000000000000000E+000
 C5 -0.601128846783926       -1.40880042013915      -0.159766777684193     
   343.150000000000        58.7823561162842     
 C4  0.000000000000000E+000  0.000000000000000E+000  0.000000000000000E+000
 O3   1.41000000000000       0.000000000000000E+000  0.000000000000000E+000
 C5 -0.500414094067086       -1.45547971168297      -5.257833023110185E-002
   343.150000000000        34.9292962339610     
 C4  0.000000000000000E+000  0.000000000000000E+000  0.000000000000000E+000
 O3   1.41000000000000       0.000000000000000E+000  0.000000000000000E+000
 C5 -0.634753445873822       -1.09482690481927      -0.877520398000403     
   343.150000000000        1.12990272611620     
 C4  0.000000000000000E+000  0.000000000000000E+000  0.000000000000000E+000
 O3   1.41000000000000       0.000000000000000E+000  0.000000000000000E+000
 C5 -0.566382728571284       -1.12989061102849      -0.879862346823312     
   343.150000000000        1.72105494724082     
 C4  0.000000000000000E+000  0.000000000000000E+000  0.000000000000000E+000
 O3   1.41000000000000       0.000000000000000E+000  0.000000000000000E+000
 C5 -0.563916771051767       -1.22415902101687      -0.745005036265656     
   343.150000000000        999.992564588954     
 C4  0.000000000000000E+000  0.000000000000000E+000  0.000000000000000E+000
 O3   1.41000000000000       0.000000000000000E+000  0.000000000000000E+000
 C5 -0.253390524245587       -1.05730252264675       -1.09064410111593     
   343.150000000000        16.0277210991818     
 C4  0.000000000000000E+000  0.000000000000000E+000  0.000000000000000E+000
 O3   1.41000000000000       0.000000000000000E+000  0.000000000000000E+000
 C5 -0.616198870691117      -0.870397725033950       -1.11099355960615     
   343.150000000000        636.578623991051     
 C4  0.000000000000000E+000  0.000000000000000E+000  0.000000000000000E+000
 O3   1.41000000000000       0.000000000000000E+000  0.000000000000000E+000
 C5 -0.816003408171497      -0.893377550721683      -0.952688263384540     
   343.150000000000        319.376819461131     
 C4  0.000000000000000E+000  0.000000000000000E+000  0.000000000000000E+000
 O3   1.41000000000000       0.000000000000000E+000  0.000000000000000E+000
 C5 -0.396480780775688      -0.701286738781045       -1.31247850952195     
   343.150000000000        60.4227077894893     
 C4  0.000000000000000E+000  0.000000000000000E+000  0.000000000000000E+000
 O3   1.41000000000000       0.000000000000000E+000  0.000000000000000E+000
 C5 -0.499343948940804      -0.634069935305800       -1.31156809783904     
   343.150000000000        7.54793450968671     
 C4  0.000000000000000E+000  0.000000000000000E+000  0.000000000000000E+000
 O3   1.41000000000000       0.000000000000000E+000  0.000000000000000E+000
 C5 -0.603916183567336      -0.945154330964944       -1.05525753792868     
   343.150000000000        41.3084238981584     
 C4  0.000000000000000E+000  0.000000000000000E+000  0.000000000000000E+000
 O3   1.41000000000000       0.000000000000000E+000  0.000000000000000E+000
 C5 -0.512882472227912       -1.30880997136314      -0.628941941687318     
   343.150000000000        3.67950232293748     
 C4  0.000000000000000E+000  0.000000000000000E+000  0.000000000000000E+000
 O3   1.41000000000000       0.000000000000000E+000  0.000000000000000E+000
 C5 -0.595783481957621       -1.40834015999083       0.182263473727121     
