         100
   343.00000000000000        105.35721189516460     
 O3   0.0000000000000000        0.0000000000000000        0.0000000000000000     
 C2  0.74032985185120781      -0.46853105209946738       -1.1047580566244062     
 C4 -0.95898838718525325      -0.97732811144252352       0.33655761384588601     
   343.00000000000000        154.63335355811128     
 O3   0.0000000000000000        0.0000000000000000        0.0000000000000000     
 C2  0.68167097070100713      -0.60945202866109627       -1.0733093274841232     
 C4  -1.0651223021402147      -0.84958876542200434       0.36306115567747405     
   343.00000000000000        441.18941641759125     
 O3   0.0000000000000000        0.0000000000000000        0.0000000000000000     
 C2   1.0360265163478262      -0.79928538242497582      -0.52525416215956500     
 C4  -1.0921013446435965      -0.88231079410945346       0.13016261842485241     
   343.00000000000000        229.21777569209726     
 O3   0.0000000000000000        0.0000000000000000        0.0000000000000000     
 C2  0.94535414144305630      -0.90533960859256735      -0.52418101870433831     
 C4  -1.1190825797477133      -0.76665079236059319       0.38470863505736058     
   343.00000000000000        657.36210237218620     
 O3   0.0000000000000000        0.0000000000000000        0.0000000000000000     
 C2  0.76166347866398953      -0.99412703514532441      -0.64782727888121261     
 C4 -0.77046665156042460      -0.74610998994411315       0.91531470727202946     
   343.00000000000000        154.44050080690852     
 O3   0.0000000000000000        0.0000000000000000        0.0000000000000000     
 C2  0.69740651128150855      -0.92416769978241065      -0.80475972855321343     
 C4 -0.49831074875176401      -0.48463241401164386        1.2267509170884368     
   343.00000000000000        4.8144989011475730     
 O3   0.0000000000000000        0.0000000000000000        0.0000000000000000     
 C2  0.86964273905000078      -0.89816077451048371      -0.65201896410176563     
 C4 -0.50365307529555137      -0.55423421992306943        1.1946790367379925     
   343.00000000000000        242.67397665797208     
 O3   0.0000000000000000        0.0000000000000000        0.0000000000000000     
 C2   1.1527004457612162      -0.63788279362928768      -0.50248106823400684     
 C4 -0.61557499279639649      -0.56250088612872695        1.1369961182685413     
   343.00000000000000        24.846757851410342     
 O3   0.0000000000000000        0.0000000000000000        0.0000000000000000     
 C2   1.2418782345436474      -0.50020389810973975      -0.44230590193052394     
 C4 -0.41396137263910754      -0.52238611889153819        1.2425170889616770     
   343.00000000000000        328.60403871189277     
 O3   0.0000000000000000        0.0000000000000000        0.0000000000000000     
 C2   1.3098330739013757      -0.27460396073812343      -0.44388059572480559     
 C4 -0.41396137263910754      -0.52238611889153819        1.2425170889616770     
   343.00000000000000        34.167972144174151     
 O3   0.0000000000000000        0.0000000000000000        0.0000000000000000     
 C2   1.2757399333988024      -0.48714418146878224      -0.35110990984694290     
 C4 -0.50464755572574083      -0.72531081793802032        1.0987970938675318     
   343.00000000000000        390.57642833512034     
 O3   0.0000000000000000        0.0000000000000000        0.0000000000000000     
 C2   1.3418145233351251      -0.39223368170721207      -0.18381110929792993     
 C4 -0.37127456367188255      -0.55308741665507211        1.2427185922475332     
   343.00000000000000        15.532628783159424     
 O3   0.0000000000000000        0.0000000000000000        0.0000000000000000     
 C2   1.3946921566066302      -6.90417557147185168E-002 -0.19536382538171107     
 C4 -0.34924957152584729      -0.51529052516416873        1.2651483719606431     
   343.00000000000000        134.24477387939100     
 O3   0.0000000000000000        0.0000000000000000        0.0000000000000000     
 C2   1.1945139937465838      -0.47491531543695370      -0.57938912822644961     
 C4 -0.36915944507108284      -0.58177722777886720        1.2301855766356411     
   343.00000000000000        119.71068621921059     
 O3   0.0000000000000000        0.0000000000000000        0.0000000000000000     
 C2   1.1945139937465838      -0.47491531543695370      -0.57938912822644961     
 C4 -0.20889512716425260      -0.34231822629950531        1.3517695992290291     
   343.00000000000000        117.35890135312322     
 O3   0.0000000000000000        0.0000000000000000        0.0000000000000000     
 C2   1.2732803033177891      -0.19537918480420180      -0.57330990164849349     
 C4 -0.26262383926304866      -0.72605799919574621        1.1798171436558400     
   343.00000000000000        592.28701246155356     
 O3   0.0000000000000000        0.0000000000000000        0.0000000000000000     
 C2   1.3657391320294254      -0.34186648775698092      -7.73558516999080653E-002
 C4 -0.37498294720068931      -0.45950061812658177        1.2791977809782165     
   343.00000000000000        602.57433295726662     
 O3   0.0000000000000000        0.0000000000000000        0.0000000000000000     
 C2   1.3657391320294254      -0.34186648775698092      -7.73558516999080653E-002
 C4 -0.84743088567905667      -0.61479505692077663       0.94445112292410716     
   343.00000000000000        358.62228842793104     
 O3   0.0000000000000000        0.0000000000000000        0.0000000000000000     
 C2   1.3386991076910038      -0.15346532368861920       0.41525063936429796     
 C4 -0.77722763955491614      -0.41553754176927099        1.1006115296969510     
   343.00000000000000        135.10148837620196     
 O3   0.0000000000000000        0.0000000000000000        0.0000000000000000     
 C2   1.3376610385517962      -2.32433638322888346E-002  0.44522207040789202     
 C4 -0.77035383731107399      -0.75222727248025334       0.91038952514110094     
   343.00000000000000        498.18274594104287     
 O3   0.0000000000000000        0.0000000000000000        0.0000000000000000     
 C2   1.3709453124333844       0.10127815199404749       0.31361072406025936     
 C4 -0.57906239176285057      -0.52330032325588127        1.1742842542313998     
   343.00000000000000        54.301314000456117     
 O3   0.0000000000000000        0.0000000000000000        0.0000000000000000     
 C2   1.3388133539922393       0.27582435591458165       0.34583193585375710     
 C4 -0.67000531457211787      -0.53679492657093320        1.1185008166570301     
   343.00000000000000        918.76836494119414     
 O3   0.0000000000000000        0.0000000000000000        0.0000000000000000     
 C2   1.3227747949778563       0.25802662729231024       0.41447448821302096     
 C4 -0.56860811920556908      -0.48263750969889418        1.1965976068063877     
   343.00000000000000        53.587600343758105     
 O3   0.0000000000000000        0.0000000000000000        0.0000000000000000     
 C2   1.3546158957976910       0.27940180107237594       0.27395329603735685     
 C4 -0.73996930627310487      -0.46478998308247377        1.1065783700260514     
   343.00000000000000        5.6001222175384271     
 O3   0.0000000000000000        0.0000000000000000        0.0000000000000000     
 C2   1.3231772854137962       0.28253761416773443       0.39683040199231456     
 C4 -0.77581809187591300      -0.55681255298756882        1.0373842396928454     
   343.00000000000000        3.9060179393619343     
 O3   0.0000000000000000        0.0000000000000000        0.0000000000000000     
 C2   1.4052335384774557      -5.86162775432765154E-002  9.99141348613830638E-002
 C4 -0.64946959577200747      -0.62397437751262663        1.0848710577691225     
   343.00000000000000        348.21061842703625     
 O3   0.0000000000000000        0.0000000000000000        0.0000000000000000     
 C2   1.4004702047804221       3.20259291016989633E-002 -0.16049157419458523     
 C4 -0.53196329171966783      -0.44905572349099010        1.2261582300308467     
   343.00000000000000        28.282309406354187     
 O3   0.0000000000000000        0.0000000000000000        0.0000000000000000     
 C2   1.3965578227629667      -0.15083740911922028       0.12236961914529067     
 C4 -0.63927984521358716      -0.43890623147305657        1.1776173364414397     
   343.00000000000000        153.64049250622304     
 O3   0.0000000000000000        0.0000000000000000        0.0000000000000000     
 C2   1.4068692533806229      -8.50857776597684079E-002  3.97405879710090587E-002
 C4 -0.48475981888719349      -0.39125497903578965        1.2649219149741135     
   343.00000000000000        53.707143744077371     
 O3   0.0000000000000000        0.0000000000000000        0.0000000000000000     
 C2   1.3638309492419314      -0.35033524887406692      -7.30092821920515361E-002
 C4 -0.60008046474737231      -0.68066855766971002        1.0792097766597715     
   343.00000000000000        1374.0211561782035     
 O3   0.0000000000000000        0.0000000000000000        0.0000000000000000     
 C2   1.1838872535299412      -0.75381339536983560      -0.13518999922454886     
 C4 -0.76384704575060514      -0.93581868633954279       0.72724209765759895     
   343.00000000000000       0.13611154201934994     
 O3   0.0000000000000000        0.0000000000000000        0.0000000000000000     
 C2   1.3260228939231504      -0.33189802532885981      -0.34584242882341254     
 C4 -0.73479162699529232       -1.1247478480512931       0.42792935726731179     
   343.00000000000000        299.87239661241574     
 O3   0.0000000000000000        0.0000000000000000        0.0000000000000000     
 C2   1.3802943195976420      -0.27726314679153874      -7.75418513948232802E-002
 C4 -0.85581623731488632       -1.0043242964583796       0.49700228078067143     
   343.00000000000000        199.30740405198389     
 O3   0.0000000000000000        0.0000000000000000        0.0000000000000000     
 C2   1.3287430997358127      -0.46373051541201821       8.65781957548701214E-002
 C4 -0.82483761592743265       -1.0214885266073490       0.51410513416062598     
   343.00000000000000        3.3620613918807880     
 O3   0.0000000000000000        0.0000000000000000        0.0000000000000000     
 C2   1.3525238196197880      -0.34719542151575733       0.19553684215409381     
 C4 -0.82807489557317304      -0.59329648750658992       0.97488011408759379     
   343.00000000000000        5.2148051856754449     
 O3   0.0000000000000000        0.0000000000000000        0.0000000000000000     
 C2   1.1922058053201987      -0.73757586648120477      -0.15075529491635467     
 C4 -0.68312838654615815      -0.30294336060014682        1.1956842891719999     
   343.00000000000000        601.45521805982514     
 O3   0.0000000000000000        0.0000000000000000        0.0000000000000000     
 C2   1.2117980800741728      -0.71963661820153635       4.20541421504049412E-002
 C4 -0.93933260359569737      -0.10320213638592599        1.0464719635408910     
   343.00000000000000        52.431121883495635     
 O3   0.0000000000000000        0.0000000000000000        0.0000000000000000     
 C2   1.0215847560629758      -0.91577331318368327       0.32530574086593067     
 C4  -1.0327219756986097      -9.21505164120948739E-002  0.95555930995609240     
   343.00000000000000        798.85840251735829     
 O3   0.0000000000000000        0.0000000000000000        0.0000000000000000     
 C2  0.97945147630453422      -0.92196072005546981       0.42280401634761089     
 C4  -1.1444428588755085      -0.46326772575654529       0.68097984452612803     
   343.00000000000000        57.566898895285391     
 O3   0.0000000000000000        0.0000000000000000        0.0000000000000000     
 C2   1.0882050178785969      -0.81199540484471500       0.38022796001203413     
 C4  -1.1568786325383167      -0.42106170963162232       0.68734187844768202     
   343.00000000000000        64.360211693868649     
 O3   0.0000000000000000        0.0000000000000000        0.0000000000000000     
 C2   1.1187508669683099      -0.75186050923527159       0.41376596320883552     
 C4  -1.1260330358188935      -0.39776775149064519       0.74962017697510042     
   343.00000000000000        28.147965515426336     
 O3   0.0000000000000000        0.0000000000000000        0.0000000000000000     
 C2   1.2195855736586356      -0.65249421391217943       0.27379249320400612     
 C4  -1.1165057551014095      -0.58729511665650003       0.62976133287657277     
   343.00000000000000        82.053724236439564     
 O3   0.0000000000000000        0.0000000000000000        0.0000000000000000     
 C2   1.0767591694587451      -0.86737190889854510       0.27632528411314322     
 C4  -1.1353855935232309      -0.44897378269186988       0.70528156652848384     
   343.00000000000000        668.18911044991751     
 O3   0.0000000000000000        0.0000000000000000        0.0000000000000000     
 C2   1.0492579388731416      -0.83315427870607195       0.43933099775164136     
 C4  -1.0211460109899184      -0.27089790427631188       0.93379609193211788     
   343.00000000000000        19.182170536104877     
 O3   0.0000000000000000        0.0000000000000000        0.0000000000000000     
 C2   1.2154646260745263      -0.66037857079282214       0.27321399305149358     
 C4 -0.96751726283648487      -0.15694181705695562        1.0135973578210795     
   343.00000000000000        20.776113717746430     
 O3   0.0000000000000000        0.0000000000000000        0.0000000000000000     
 C2   1.0136923734341858      -0.97728636018224224      -7.37505406292886523E-002
 C4 -0.92783813243045621      -0.22471072155521826        1.0376519085106106     
   343.00000000000000        151.41295368752648     
 O3   0.0000000000000000        0.0000000000000000        0.0000000000000000     
 C2   1.0054764389591044      -0.97068766363355996      -0.18676881529778827     
 C4 -0.84139699233669896      -0.17440026565122008        1.1179157572183855     
   343.00000000000000        183.65760383494876     
 O3   0.0000000000000000        0.0000000000000000        0.0000000000000000     
 C2   1.0359724801158532      -0.95203815859064367       9.21106130147042318E-002
 C4 -0.79637355133416543      -0.14080746597476729        1.1550161972330906     
   343.00000000000000        27.355499257623439     
 O3   0.0000000000000000        0.0000000000000000        0.0000000000000000     
 C2   1.0359724801158532      -0.95203815859064367       9.21106130147042318E-002
 C4 -0.82845136527919772      -7.33775717737770727E-002   1.1385886258597673     
   343.00000000000000        1.1015403019941701     
 O3   0.0000000000000000        0.0000000000000000        0.0000000000000000     
 C2   1.1585226103341764      -0.78982101787804304       0.14868799905364874     
 C4 -0.82845136527919772      -7.33775717737770727E-002   1.1385886258597673     
   343.00000000000000        5.5311856535274870     
 O3   0.0000000000000000        0.0000000000000000        0.0000000000000000     
 C2   1.1754031483111955      -0.76826334976009636       0.12766700574355350     
 C4 -0.82845136527919772      -7.33775717737770727E-002   1.1385886258597673     
   343.00000000000000        249.37076509122821     
 O3   0.0000000000000000        0.0000000000000000        0.0000000000000000     
 C2   1.2199905560137718      -0.70208977448419407       8.24196081156702565E-002
 C4 -0.91138084320924417      -0.14175062445290762        1.0664856823736704     
   343.00000000000000        446.25729077041240     
 O3   0.0000000000000000        0.0000000000000000        0.0000000000000000     
 C2   1.2411855239133311      -0.66615445311498289      -6.16176908287471153E-002
 C4 -0.82108726718977199      -0.15898565126890191        1.1351824760623512     
   343.00000000000000        28.328282208858752     
 O3   0.0000000000000000        0.0000000000000000        0.0000000000000000     
 C2   1.2000761654965089      -0.73127876887330279       0.11466716706338648     
 C4 -0.87273000549431246      -0.33340738215146654        1.0560690539194959     
   343.00000000000000        1.1424259804576025     
 O3   0.0000000000000000        0.0000000000000000        0.0000000000000000     
 C2   1.0292626795455262      -0.93706321178323937      -0.22501305210419001     
 C4 -0.65725488832416268      -0.20919818285590025        1.2297772658792312     
   343.00000000000000        213.78232039034307     
 O3   0.0000000000000000        0.0000000000000000        0.0000000000000000     
 C2  0.62265197704246089       -1.1820042387533585      -0.45085529280935388     
 C4  -1.1202851044834752      -0.14115925422690070       0.84447341061052328     
   343.00000000000000        68.475134786744334     
 O3   0.0000000000000000        0.0000000000000000        0.0000000000000000     
 C2  0.50313978433969042       -1.2266303120556670      -0.47992544729450060     
 C4 -0.71492134848196454      -8.28697878249717579E-002   1.2124850742834690     
   343.00000000000000        240.20380143832941     
 O3   0.0000000000000000        0.0000000000000000        0.0000000000000000     
 C2  0.67266819820922952       -1.2310008826112544      -0.14231768030803965     
 C4 -0.97211827767408776      -0.19130693698195297        1.0032386065558700     
   343.00000000000000        33.437787145874147     
 O3   0.0000000000000000        0.0000000000000000        0.0000000000000000     
 C2  0.68804935707895643       -1.2189383763881574      -0.16993327158457491     
 C4 -0.89850743288871726       7.08973500708060065E-003   1.0866159028427995     
   343.00000000000000        444.67288135221196     
 O3   0.0000000000000000        0.0000000000000000        0.0000000000000000     
 C2  0.85276641822650712       -1.1034227850082330      -0.20820084886908632     
 C4 -0.89739395525268606      -8.10313674592280653E-003   1.0875285834682382     
   343.00000000000000        30.426351314097271     
 O3   0.0000000000000000        0.0000000000000000        0.0000000000000000     
 C2  0.32237010776573244       -1.2616119734156013      -0.54084447131638735     
 C4 -0.99193305203645910      -4.18587103753945422E-002   1.0012076009764208     
   343.00000000000000        355.29658315277214     
 O3   0.0000000000000000        0.0000000000000000        0.0000000000000000     
 C2  0.39833834197643742       -1.0165327672014479      -0.89223746755963440     
 C4  -1.1569773549490321      -0.19669561905611316       0.78154604802845073     
   343.00000000000000        52.160632498191390     
 O3   0.0000000000000000        0.0000000000000000        0.0000000000000000     
 C2  0.32544026591249980       -1.0800743454535344      -0.84594801354215565     
 C4  -1.1675683533798675      -0.18682165148486524       0.76810272902256216     
   343.00000000000000        231.59834010040606     
 O3   0.0000000000000000        0.0000000000000000        0.0000000000000000     
 C2  0.54412865272198840       -1.1113056869181770      -0.67603526499012789     
 C4  -1.1952669002252720      -0.19789401937032658       0.72130089833088518     
   343.00000000000000        80.575962425997886     
 O3   0.0000000000000000        0.0000000000000000        0.0000000000000000     
 C2  0.68075564351411422       -1.1083507234279564      -0.54427054642007844     
 C4  -1.0140027797992928      -0.31358084048122231       0.92820547868023939     
   343.00000000000000        549.92795284905299     
 O3   0.0000000000000000        0.0000000000000000        0.0000000000000000     
 C2  0.71279783521991946       -1.2163292478816452       2.37151186686318065E-002
 C4  -1.1632652257162501      -0.28504805707852976       0.74408441147808735     
   343.00000000000000        14.750061359306812     
 O3   0.0000000000000000        0.0000000000000000        0.0000000000000000     
 C2  0.67982251888485390       -1.2271239103703024      -0.14180356629700272     
 C4  -1.1030762614318788      -0.14094455395409650       0.86686641749797022     
   343.00000000000000        215.42688008675196     
 O3   0.0000000000000000        0.0000000000000000        0.0000000000000000     
 C2  0.70299402008434464       -1.1332713048792884      -0.45781607361782772     
 C4 -0.99608109456683103      -0.20743806318161853       0.97616181783535128     
   343.00000000000000        93.533426156882399     
 O3   0.0000000000000000        0.0000000000000000        0.0000000000000000     
 C2  0.75000697562322172       -1.1526105072395911      -0.31157431716590012     
 C4 -0.95163543305980380      -0.15485752151514440        1.0288387347805683     
   343.00000000000000        388.55906990289634     
 O3   0.0000000000000000        0.0000000000000000        0.0000000000000000     
 C2  0.75000697562322172       -1.1526105072395911      -0.31157431716590012     
 C4  -1.0909532658565626      -0.47214419194664897       0.75828808861643004     
   343.00000000000000        102.55561749934799     
 O3   0.0000000000000000        0.0000000000000000        0.0000000000000000     
 C2  0.71808684765937369      -0.82253273194488885      -0.89212733625749718     
 C4  -1.1681331250104998      -0.56803827507766136       0.54854125816533850     
   343.00000000000000        74.596466356273794     
 O3   0.0000000000000000        0.0000000000000000        0.0000000000000000     
 C2  0.88298038238876808      -0.77894868644093584      -0.77568330406714414     
 C4  -1.0547523182442751      -0.71413590802417426       0.60465481362379758     
   343.00000000000000        11.537408364929243     
 O3   0.0000000000000000        0.0000000000000000        0.0000000000000000     
 C2  0.84947688935882715      -0.81858108910155225      -0.77227845691211894     
 C4  -1.1798926964383740      -0.68989713651540474       0.34640317193819370     
   343.00000000000000        67.389531201918800     
 O3   0.0000000000000000        0.0000000000000000        0.0000000000000000     
 C2  0.96762165209796958      -0.97681227380449598      -0.31248379179740332     
 C4  -1.1639302325133853      -0.64042662304290843       0.47246179311009628     
   343.00000000000000       0.60345664519118714     
 O3   0.0000000000000000        0.0000000000000000        0.0000000000000000     
 C2   1.1253054854635383      -0.84603278452158659      -7.75634701410252148E-002
 C4  -1.1210886082085545      -0.67024444319288312       0.53106751974083477     
   343.00000000000000        3.0532919978440063     
 O3   0.0000000000000000        0.0000000000000000        0.0000000000000000     
 C2  0.91189928951446186       -1.0166117222069053      -0.35077099659824662     
 C4  -1.3064386346848049      -0.50981243251572905       0.14631940768370857     
   343.00000000000000        510.12379604681911     
 O3   0.0000000000000000        0.0000000000000000        0.0000000000000000     
 C2  0.95340914717732339      -0.96202970297529034      -0.39193092334221419     
 C4  -1.3202610512799342      -0.39270525796921907       0.30131931309848936     
   343.00000000000000        76.955719938952257     
 O3   0.0000000000000000        0.0000000000000000        0.0000000000000000     
 C2  0.93431330030051107       -1.0049691048198806      -0.32433895115926525     
 C4  -1.3526124408547067      -0.38966017054206337      -8.18811818906976241E-002
   343.00000000000000        262.08405347873611     
 O3   0.0000000000000000        0.0000000000000000        0.0000000000000000     
 C2  0.99719088456473315      -0.68653703917902098      -0.72275669044036217     
 C4  -1.3309566211798713      -0.44826442605061434      -0.12535337444436390     
   343.00000000000000        95.894243526695107     
 O3   0.0000000000000000        0.0000000000000000        0.0000000000000000     
 C2   1.0128661944653750      -0.64005270108039680      -0.74332671951767937     
 C4  -1.2222314197885855      -0.65547913010991721      -0.25416029997137579     
   343.00000000000000       0.24436044296012938     
 O3   0.0000000000000000        0.0000000000000000        0.0000000000000000     
 C2   1.1471219298098334      -0.63398186472119900      -0.51988294197250962     
 C4  -1.1864378774499760      -0.63122175317840978      -0.42664300401622285     
   343.00000000000000        380.44644856206094     
 O3   0.0000000000000000        0.0000000000000000        0.0000000000000000     
 C2   1.2703323041373999      -0.57836532368188809      -0.19962311846904648     
 C4  -1.1481444572108530      -0.71517835237554994      -0.39797515158487706     
   343.00000000000000        54.373559057938245     
 O3   0.0000000000000000        0.0000000000000000        0.0000000000000000     
 C2   1.1143766452174122      -0.58280626335885988      -0.63765315962807456     
 C4 -0.88237255583328966       -1.0166732680357162       0.41939734188883543     
   343.00000000000000        140.94118739658015     
 O3   0.0000000000000000        0.0000000000000000        0.0000000000000000     
 C2   1.2236381199059996      -0.29227441480394795      -0.63669884401019483     
 C4 -0.53378324543804323       -1.2132544550249222       0.48082124106722307     
   343.00000000000000        43.915000283856514     
 O3   0.0000000000000000        0.0000000000000000        0.0000000000000000     
 C2   1.2695615157591800      -0.27993870163371798      -0.54584602318866415     
 C4 -0.62097631162456512       -1.2028234644688340       0.39459362049323343     
   343.00000000000000       0.60065395996068816     
 O3   0.0000000000000000        0.0000000000000000        0.0000000000000000     
 C2  0.94924991484600740      -0.45539644985189914      -0.93789054405465277     
 C4 -0.61838376994333077       -1.0703400825717548       0.67828726386434446     
   343.00000000000000        1.3654950743756586     
 O3   0.0000000000000000        0.0000000000000000        0.0000000000000000     
 C2   1.0934625641196587      -0.54240479361015193      -0.70585881076713053     
 C4 -0.82598903614704722      -0.99602666000559581       0.56015443971514223     
   343.00000000000000        150.48715676405925     
 O3   0.0000000000000000        0.0000000000000000        0.0000000000000000     
 C2   1.1249842441512268      -0.71773941128054586      -0.45536862859242533     
 C4  -1.2305686912154028      -0.68823291359727456      -1.16680954500988920E-002
   343.00000000000000        26.748298237652406     
 O3   0.0000000000000000        0.0000000000000000        0.0000000000000000     
 C2   1.1755239761589176      -0.63889734999674630      -0.44503208608218564     
 C4  -1.1502627041832314      -0.81300267611413868      -6.34220119985563907E-002
   343.00000000000000        7.1714771212415940     
 O3   0.0000000000000000        0.0000000000000000        0.0000000000000000     
 C2   1.1719623279268832      -0.78360714171645884      -2.37518287961062322E-002
 C4  -1.1779379461080295      -0.77324732101801830       5.14856025202221623E-002
   343.00000000000000        83.287885457541563     
 O3   0.0000000000000000        0.0000000000000000        0.0000000000000000     
 C2   1.0094545893002114      -0.95168879337568302      -0.25177345512161503     
 C4  -1.2560904609825687      -0.62130307511765859      -0.15594625448389196     
   343.00000000000000        12.814996406768685     
 O3   0.0000000000000000        0.0000000000000000        0.0000000000000000     
 C2  0.86183213876588005      -0.97790111836075877      -0.53763813787621506     
 C4  -1.3346908354508493      -0.45461357564787552      -5.18287659345630959E-003
   343.00000000000000        105.94246535807162     
 O3   0.0000000000000000        0.0000000000000000        0.0000000000000000     
 C2  0.51092598104499387      -0.99882712186580003      -0.85404860664864379     
 C4  -1.1029588769680494      -0.37822610189276640       0.79279677293364270     
   343.00000000000000        411.63899105803677     
 O3   0.0000000000000000        0.0000000000000000        0.0000000000000000     
 C2  0.64517913829851692      -0.95156035221100888      -0.81631904032947811     
 C4 -0.87183960850929432      -0.44001123321151631        1.0170475914585593     
   343.00000000000000       0.20724173384957112     
 O3   0.0000000000000000        0.0000000000000000        0.0000000000000000     
 C2  0.45707891749654289      -0.98853663962017391      -0.89553010854389414     
 C4 -0.77650132685060458      -0.55244115998934107        1.0392085670155427     
   343.00000000000000        130.67917013136849     
 O3   0.0000000000000000        0.0000000000000000        0.0000000000000000     
 C2  0.35410535333071536       -1.0366813003170707      -0.88769436199371710     
 C4 -0.84087934535387288      -0.36105330125610718        1.0726893454392670     
   343.00000000000000        124.26303184455887     
 O3   0.0000000000000000        0.0000000000000000        0.0000000000000000     
 C2  0.48552286489614588       -1.0534888318239743      -0.80157895985685224     
 C4  -1.0555951117859468      -0.32515414508840268       0.87640956950221538     
   343.00000000000000        757.49260549619476     
 O3   0.0000000000000000        0.0000000000000000        0.0000000000000000     
 C2  0.57234235044958237       -1.2204633193185954      -0.41351362744132097     
 C4 -0.48408419029486255      -0.32219629147904716        1.2845045885762068     
   343.00000000000000        1572.6861581629719     
 O3   0.0000000000000000        0.0000000000000000        0.0000000000000000     
 C2  0.41885912520864571       -1.2880564783706343      -0.39187694721287714     
 C4 -0.35551827710264294      -0.31383545220821135        1.3278607062462728     
   343.00000000000000        201.33216957755417     
 O3   0.0000000000000000        0.0000000000000000        0.0000000000000000     
 C2  0.21715476809234482       -1.2991378295216913      -0.50317462833535642     
 C4 -0.15718094100663862      -0.12280519967770352        1.3958198402107638     
