         100
   336.000000000000        150.451732453095     
 CH  0.000000000000000E+000  0.000000000000000E+000  0.000000000000000E+000
 CH   1.46947518012830       0.448471263366148      -0.105433490512612     
 CH -0.292617133999115       -1.47386003192241       0.337212088603677     
   336.000000000000        8.46459916712436     
 CH  0.000000000000000E+000  0.000000000000000E+000  0.000000000000000E+000
 CH   1.40937211678843       0.456905222908748      -0.420128377639502     
 CH -4.268788225023345E-002  -1.46827113587388       0.462555715322241     
   336.000000000000        14.9376717080449     
 CH  0.000000000000000E+000  0.000000000000000E+000  0.000000000000000E+000
 CH   1.01335482598794       0.310742514581380       -1.11720682341212     
 CH -4.268788225023345E-002  -1.46827113587388       0.462555715322241     
   336.000000000000        166.788873462218     
 CH  0.000000000000000E+000  0.000000000000000E+000  0.000000000000000E+000
 CH   1.14872648428765       0.253320396917990      -0.993909573754799     
 CH -1.021327127483878E-002  -1.48649445420141       0.402281120893032     
   336.000000000000        7.82689375165004     
 CH  0.000000000000000E+000  0.000000000000000E+000  0.000000000000000E+000
 CH   1.24129741742423       0.351243591105642      -0.841075895031568     
 CH -0.243874428964888       -1.51667708845956       0.108701636360820     
   336.000000000000        566.779483418769     
 CH  0.000000000000000E+000  0.000000000000000E+000  0.000000000000000E+000
 CH   1.17047295459523       0.280092823914641      -0.960802306696146     
 CH -0.786023644953619       -1.32416665876969      -1.869927499102036E-002
   336.000000000000        408.821702773352     
 CH  0.000000000000000E+000  0.000000000000000E+000  0.000000000000000E+000
 CH  0.761974380441347       0.420695357021689       -1.27043711380431     
 CH -0.827928618166240       -1.29788640027477       4.031462156314995E-002
   336.000000000000        44.8753349422352     
 CH  0.000000000000000E+000  0.000000000000000E+000  0.000000000000000E+000
 CH  0.578637573444783       0.378589555546098       -1.37602634677878     
 CH -0.748548749959617       -1.34336938971648       8.144707002281311E-002
   336.000000000000       4.927237384809624E-002
 CH  0.000000000000000E+000  0.000000000000000E+000  0.000000000000000E+000
 CH  0.591094085867516       0.302220726765877       -1.38955763247357     
 CH -0.748548749959617       -1.34336938971648       8.144707002281311E-002
   336.000000000000        148.279368863057     
 CH  0.000000000000000E+000  0.000000000000000E+000  0.000000000000000E+000
 CH  0.871664100163696       0.301980323474932       -1.23312999343937     
 CH -0.824192923760517       -1.30083620311856       1.146170091284161E-002
   336.000000000000        18.7164405536913     
 CH  0.000000000000000E+000  0.000000000000000E+000  0.000000000000000E+000
 CH  0.435433640504674       0.363064536517844       -1.43184555278841     
 CH  -1.05669940183191       -1.11992381594141       2.751716126274868E-002
   336.000000000000        107.759622906347     
 CH  0.000000000000000E+000  0.000000000000000E+000  0.000000000000000E+000
 CH  0.435433640504674       0.363064536517844       -1.43184555278841     
 CH  -1.21695881766758      -0.943098287272357      -3.430787305737858E-002
   336.000000000000        269.796016650726     
 CH  0.000000000000000E+000  0.000000000000000E+000  0.000000000000000E+000
 CH  0.351983421664570       0.498567951867218       -1.41390864918644     
 CH -0.944837135209723       -1.20819011853931      -0.138418202926128     
   336.000000000000        226.415214940065     
 CH  0.000000000000000E+000  0.000000000000000E+000  0.000000000000000E+000
 CH  0.351983421664570       0.498567951867218       -1.41390864918644     
 CH -0.886253976790735       -1.25310118427650      -0.126061429851033     
   336.000000000000        377.615123830662     
 CH  0.000000000000000E+000  0.000000000000000E+000  0.000000000000000E+000
 CH  0.359109318840567       0.546235677768605       -1.39436977931055     
 CH -0.752717252360526       -1.33429512901410       0.157077752074310     
   336.000000000000        1.42243947494410     
 CH  0.000000000000000E+000  0.000000000000000E+000  0.000000000000000E+000
 CH  0.475831517823160       0.566345253318650       -1.35071737261706     
 CH -0.640720436732792       -1.39775500744737      -8.578131858036318E-002
   336.000000000000        197.873952574631     
 CH  0.000000000000000E+000  0.000000000000000E+000  0.000000000000000E+000
 CH  0.288349768351840       0.498181415184898       -1.42838009250193     
 CH -0.327320479618303       -1.50397947468939      -5.007211643329762E-002
   336.000000000000        33.2571662672112     
 CH  0.000000000000000E+000  0.000000000000000E+000  0.000000000000000E+000
 CH  0.386674348180685       0.816423983439701       -1.24721081927776     
 CH  0.108567044629630       -1.51602691758543      -0.247943048875008     
   336.000000000000        103.659300038783     
 CH  0.000000000000000E+000  0.000000000000000E+000  0.000000000000000E+000
 CH  0.615968429157742       0.880029714703031       -1.10350831239309     
 CH  0.306960181883638       -1.48565254265742      -0.264975739912468     
   336.000000000000        188.988560246065     
 CH  0.000000000000000E+000  0.000000000000000E+000  0.000000000000000E+000
 CH  0.439536382607784       0.736588661608230       -1.27900152930099     
 CH  0.458152790940136       -1.46804588607352      -8.085462290448243E-002
   336.000000000000        1.62543539447834     
 CH  0.000000000000000E+000  0.000000000000000E+000  0.000000000000000E+000
 CH  0.443796038330032       0.852428574851619       -1.20333312143355     
 CH  0.659468036736912       -1.39091830586801       4.525868350121005E-002
   336.000000000000        43.5582067943002     
 CH  0.000000000000000E+000  0.000000000000000E+000  0.000000000000000E+000
 CH  0.402789027237540       0.494210836252350       -1.40182618354338     
 CH  0.858631920613546       -1.19697737681799       0.448995053199971     
   336.000000000000        7.89713260715560     
 CH  0.000000000000000E+000  0.000000000000000E+000  0.000000000000000E+000
 CH  0.339498308928980       0.458649897149733       -1.43037798154156     
 CH  0.805181806848542       -1.21255427219924       0.502985654268720     
   336.000000000000        226.637833154197     
 CH  0.000000000000000E+000  0.000000000000000E+000  0.000000000000000E+000
 CH  0.942896105491729       0.853208295050209      -0.868667105113373     
 CH  0.753698098078673       -1.26623836263112       0.447414527549675     
   336.000000000000        446.933633006057     
 CH  0.000000000000000E+000  0.000000000000000E+000  0.000000000000000E+000
 CH  0.322589585242890       0.267882414348215       -1.48181475616077     
 CH  0.632119692996572       -1.18032864415475       0.760821371297073     
   336.000000000000        58.6992019515057     
 CH  0.000000000000000E+000  0.000000000000000E+000  0.000000000000000E+000
 CH  0.433999693838603       0.418213838581717       -1.41715964201876     
 CH  0.506077057955734       -1.36398722947781       0.505000022515791     
   336.000000000000        87.6951187069722     
 CH  0.000000000000000E+000  0.000000000000000E+000  0.000000000000000E+000
 CH  0.565216171453690       0.411253916779882       -1.37222479771371     
 CH  0.605203985486790       -1.24831417694350       0.668610518240198     
   336.000000000000        292.442716991999     
 CH  0.000000000000000E+000  0.000000000000000E+000  0.000000000000000E+000
 CH  0.703199138864899       0.391579223827595       -1.31292676207253     
 CH  0.455216629429531       -1.24961111608562       0.776434190614190     
   336.000000000000        164.280307274690     
 CH  0.000000000000000E+000  0.000000000000000E+000  0.000000000000000E+000
 CH  0.632968466817425       0.510169817943537       -1.30792877362426     
 CH  0.457756018549142       -1.36057189381801       0.557587412647686     
   336.000000000000        33.4989987934953     
 CH  0.000000000000000E+000  0.000000000000000E+000  0.000000000000000E+000
 CH  0.436236027532176       0.189317754143967       -1.46473783191697     
 CH  0.402486467666049       -1.33247067470281       0.658882931871339     
   336.000000000000        70.7755997195669     
 CH  0.000000000000000E+000  0.000000000000000E+000  0.000000000000000E+000
 CH  0.878091141073553       0.179005122644763       -1.25240293597352     
 CH  0.370922795189069       -1.29020819693460       0.754572237814600     
   336.000000000000        14.3710014192628     
 CH  0.000000000000000E+000  0.000000000000000E+000  0.000000000000000E+000
 CH  0.878091141073553       0.179005122644763       -1.25240293597352     
 CH  0.286659323682372       -1.31876467065427       0.741812880104360     
   336.000000000000        231.416337536690     
 CH  0.000000000000000E+000  0.000000000000000E+000  0.000000000000000E+000
 CH  0.848978740341136       0.101857667262863       -1.28080447925066     
 CH  0.156628293648857       -1.41737369961072       0.581480478424768     
   336.000000000000        927.125936524026     
 CH  0.000000000000000E+000  0.000000000000000E+000  0.000000000000000E+000
 CH   1.03770992469181       5.400778539202561E-003  -1.13786156617899     
 CH -3.804278687948227E-002  -1.47726090033928       0.433420295099169     
   336.000000000000       0.202379114502826     
 CH  0.000000000000000E+000  0.000000000000000E+000  0.000000000000000E+000
 CH   1.21826587574284       1.150967124896784E-002 -0.941963790953918     
 CH -0.338264593792977       -1.39286506312378       0.563120017424253     
   336.000000000000        80.2452201590729     
 CH  0.000000000000000E+000  0.000000000000000E+000  0.000000000000000E+000
 CH  0.869629227271034      -0.223210190659511       -1.25120830314610     
 CH -0.542476264373312       -1.33820970415786       0.535270458551518     
   336.000000000000        391.867738561565     
 CH  0.000000000000000E+000  0.000000000000000E+000  0.000000000000000E+000
 CH  0.476621013339116      -4.184566590197496E-002  -1.46379006346157     
 CH -0.743819725813203       -1.19367917486662       0.627265826017600     
   336.000000000000        16.8717316192659     
 CH  0.000000000000000E+000  0.000000000000000E+000  0.000000000000000E+000
 CH  0.334507666952042       2.896641576608491E-002  -1.50295228384270     
 CH -0.775979507753169       -1.23991562997598       0.481731468348339     
   336.000000000000        1.86883871918494     
 CH  0.000000000000000E+000  0.000000000000000E+000  0.000000000000000E+000
 CH  0.615240389216324      -9.809936357644812E-002  -1.40835214997629     
 CH -0.552521229876840       -1.33866616028662       0.523730250556056     
   336.000000000000        209.973965511050     
 CH  0.000000000000000E+000  0.000000000000000E+000  0.000000000000000E+000
 CH   1.05061593925166      -3.241205981133273E-002  -1.12550237963726     
 CH -0.796931968426872       -1.27848942107530       0.319318667488215     
   336.000000000000        92.5462687023313     
 CH  0.000000000000000E+000  0.000000000000000E+000  0.000000000000000E+000
 CH  0.873093421826660       3.093820291932890E-002  -1.26820767398843     
 CH -0.805714770943460       -1.28324231230499       0.275160043070025     
   336.000000000000        13.7174074970818     
 CH  0.000000000000000E+000  0.000000000000000E+000  0.000000000000000E+000
 CH   1.00162961956183      -4.951508598206385E-002  -1.16871141068983     
 CH -0.706021540405017       -1.34836841880538       0.234598305963734     
   336.000000000000        96.2011198116440     
 CH  0.000000000000000E+000  0.000000000000000E+000  0.000000000000000E+000
 CH   1.23831272516467       8.717230786616374E-002 -0.911363036027098     
 CH -0.721429968415253       -1.35752248116709       9.094881696290219E-002
   336.000000000000        160.670929347151     
 CH  0.000000000000000E+000  0.000000000000000E+000  0.000000000000000E+000
 CH   1.07403712313990       0.123101304849640       -1.09676356926263     
 CH -0.711694605462986       -1.35967684526680      -0.127944669716447     
   336.000000000000        135.892625876873     
 CH  0.000000000000000E+000  0.000000000000000E+000  0.000000000000000E+000
 CH  0.743649917613823       0.176231745586642       -1.33698435738061     
 CH -0.261354758343602       -1.49521455247807       0.260052505962910     
   336.000000000000        403.256196895166     
 CH  0.000000000000000E+000  0.000000000000000E+000  0.000000000000000E+000
 CH  0.748682239783613      -5.349929465574049E-002  -1.34469800673011     
 CH -0.671422412029496       -1.37251134894125       0.192366096702584     
   336.000000000000        36.2033506564146     
 CH  0.000000000000000E+000  0.000000000000000E+000  0.000000000000000E+000
 CH  0.518042587980283      -2.753493651785338E-002  -1.44999093249222     
 CH -0.777510053863874       -1.24480495325878       0.466410675254812     
   336.000000000000        192.032773928397     
 CH  0.000000000000000E+000  0.000000000000000E+000  0.000000000000000E+000
 CH  0.557092939482719      -0.113902845201776       -1.43117909383608     
 CH -0.599375407076305       -1.35615901039585       0.416151454909015     
   336.000000000000        89.6410233055665     
 CH  0.000000000000000E+000  0.000000000000000E+000  0.000000000000000E+000
 CH  0.389534971895942      -0.131717507721552       -1.48408658906064     
 CH -0.614806706722439       -1.23584315601758       0.682864979774372     
   336.000000000000        24.7417703110617     
 CH  0.000000000000000E+000  0.000000000000000E+000  0.000000000000000E+000
 CH  0.276781564635578      -0.110696686390913       -1.51087332662271     
 CH -0.810681445999088       -1.15409466316495       0.618434535804433     
   336.000000000000       6.271292158608138E-002
 CH  0.000000000000000E+000  0.000000000000000E+000  0.000000000000000E+000
 CH  0.132932050360005      -5.457240144845141E-002  -1.53328109718578     
 CH -0.615789213659692       -1.26659636985389       0.623006784651623     
   336.000000000000        119.297459116188     
 CH  0.000000000000000E+000  0.000000000000000E+000  0.000000000000000E+000
 CH  0.404318570556896      -5.847846399185570E-002  -1.48482549909139     
 CH -0.761085315376857       -1.20319002190782       0.587097170328574     
   336.000000000000        132.851953637987     
 CH  0.000000000000000E+000  0.000000000000000E+000  0.000000000000000E+000
 CH  0.709109081298143      -7.694087073147729E-002  -1.36486058380759     
 CH  -1.09089690037323       -1.04175412691228       0.310310272672308     
   336.000000000000        13.5031857850890     
 CH  0.000000000000000E+000  0.000000000000000E+000  0.000000000000000E+000
 CH  0.629965204087839      -1.480596840761348E-002  -1.40517779122006     
 CH  -1.37069121864508      -0.700619321067040       4.402639646238383E-002
   336.000000000000        132.953835655332     
 CH  0.000000000000000E+000  0.000000000000000E+000  0.000000000000000E+000
 CH  0.629965204087839      -1.480596840761348E-002  -1.40517779122006     
 CH  -1.48328676481092      -0.391775435499263       0.134061758099555     
   336.000000000000        4.21209374847086     
 CH  0.000000000000000E+000  0.000000000000000E+000  0.000000000000000E+000
 CH  0.411448772369492      -6.139973813305533E-002  -1.48274744305051     
 CH  -1.43400351416604      -0.500361467418137       0.254700798568165     
   336.000000000000        1.40861884869047     
 CH  0.000000000000000E+000  0.000000000000000E+000  0.000000000000000E+000
 CH  0.345368992429253      -4.740173427897392E-002  -1.50002444468607     
 CH  -1.41876392436790      -0.491292575260998       0.342550296911654     
   336.000000000000        246.936939977034     
 CH  0.000000000000000E+000  0.000000000000000E+000  0.000000000000000E+000
 CH  0.345368992429253      -4.740173427897392E-002  -1.50002444468607     
 CH  -1.47419522055749      -4.854454613954615E-002  0.442709896246060     
   336.000000000000        3.28346403234292     
 CH  0.000000000000000E+000  0.000000000000000E+000  0.000000000000000E+000
 CH  0.345368992429253      -4.740173427897392E-002  -1.50002444468607     
 CH  -1.49976598421094       0.164215852109059       0.308764181906698     
   336.000000000000        3.79914423799395     
 CH  0.000000000000000E+000  0.000000000000000E+000  0.000000000000000E+000
 CH  0.345368992429253      -4.740173427897392E-002  -1.50002444468607     
 CH  -1.51208900226682       9.986134564045221E-002  0.274253048076478     
   336.000000000000        7.65091148504544     
 CH  0.000000000000000E+000  0.000000000000000E+000  0.000000000000000E+000
 CH  0.382208292692891      -9.040841069084395E-002  -1.48907459191041     
 CH  -1.51026352354536       0.115884742922153       0.277983793259348     
   336.000000000000        66.6948015289446     
 CH  0.000000000000000E+000  0.000000000000000E+000  0.000000000000000E+000
 CH  0.391829563153831      -7.143028998039450E-002  -1.48760455333802     
 CH  -1.29494042417398       0.759287486616216       0.343819696958712     
   336.000000000000        33.1905580466396     
 CH  0.000000000000000E+000  0.000000000000000E+000  0.000000000000000E+000
 CH  0.409236108470956      -0.149478523529770       -1.47708563682913     
 CH -0.971656974050087        1.15130690434224       0.319335732893085     
   336.000000000000        340.574154171511     
 CH  0.000000000000000E+000  0.000000000000000E+000  0.000000000000000E+000
 CH  0.409236108470956      -0.149478523529770       -1.47708563682913     
 CH -0.801169752086321        1.22831661217941       0.470069677914536     
   336.000000000000        13.8541028059869     
 CH  0.000000000000000E+000  0.000000000000000E+000  0.000000000000000E+000
 CH  0.409236108470956      -0.149478523529770       -1.47708563682913     
 CH -0.475576197002118        1.42396500724875       0.343148819733805     
   336.000000000000        102.087428119728     
 CH  0.000000000000000E+000  0.000000000000000E+000  0.000000000000000E+000
 CH  0.652264175406961      -0.136592022892741       -1.38834220016635     
 CH -0.404029510768196        1.41227732421960       0.462420898567724     
   336.000000000000        317.199433227152     
 CH  0.000000000000000E+000  0.000000000000000E+000  0.000000000000000E+000
 CH  0.401550302212791      -0.107546735607664       -1.48283210595568     
 CH -0.862767628065796        1.26555324115052       0.160022458685549     
   336.000000000000        94.9977344687911     
 CH  0.000000000000000E+000  0.000000000000000E+000  0.000000000000000E+000
 CH  0.770105902756801      -0.128934781350843       -1.32737060412575     
 CH -0.978478155672348        1.18072799246765       0.141640672774462     
   336.000000000000        1.37745980129785     
 CH  0.000000000000000E+000  0.000000000000000E+000  0.000000000000000E+000
 CH   1.19169798726993      -0.116319970451910      -0.968465575852272     
 CH -0.713113844084079        1.36463250892803      -2.910213842769143E-002
   336.000000000000        154.315508784081     
 CH  0.000000000000000E+000  0.000000000000000E+000  0.000000000000000E+000
 CH   1.17499976426950      -0.102284961815731      -0.990208735849663     
 CH -0.821566013126162        1.26683104775672      -0.302933253414408     
   336.000000000000        210.938681110526     
 CH  0.000000000000000E+000  0.000000000000000E+000  0.000000000000000E+000
 CH  0.594424720460201      -0.180134258894613       -1.40918802878761     
 CH -0.973680125918711        1.19296048370096      -1.981086135281042E-002
   336.000000000000        31.1687701331023     
 CH  0.000000000000000E+000  0.000000000000000E+000  0.000000000000000E+000
 CH  0.809128772013255      -0.221702527596543       -1.29141729102472     
 CH -0.827805212245114        1.29704901744855       6.326571286416455E-002
   336.000000000000        103.395190567653     
 CH  0.000000000000000E+000  0.000000000000000E+000  0.000000000000000E+000
 CH   1.06964812218244      -0.190842913097842       -1.09134406913307     
 CH -0.819670044513875        1.30351938929779      -2.404980997832487E-002
   336.000000000000        230.648569671463     
 CH  0.000000000000000E+000  0.000000000000000E+000  0.000000000000000E+000
 CH   1.07330579113368       9.877582349686433E-002  -1.09993545965726     
 CH -0.684528958914425        1.37206460745949       0.143034928857267     
   336.000000000000        1042.08793935903     
 CH  0.000000000000000E+000  0.000000000000000E+000  0.000000000000000E+000
 CH   1.27572460030423       0.547932709815795      -0.666255573854758     
 CH -0.986743225848960        1.17237288682657      -0.153231178236537     
   336.000000000000        813.987452337839     
 CH  0.000000000000000E+000  0.000000000000000E+000  0.000000000000000E+000
 CH   1.34750716044092       0.439952741939470      -0.601885402232358     
 CH -0.805784528488445        1.30881546237005       9.650674908189767E-002
   336.000000000000        19.9366967358434     
 CH  0.000000000000000E+000  0.000000000000000E+000  0.000000000000000E+000
 CH   1.28610858210224       0.212256606044033      -0.820043808728311     
 CH -0.854269216923263        1.27790959299216       9.365548923883921E-002
   336.000000000000        71.0165778851255     
 CH  0.000000000000000E+000  0.000000000000000E+000  0.000000000000000E+000
 CH   1.30506246841899       0.592670061453514      -0.563164409192222     
 CH  -1.17464113001504       0.979087659933088      -0.182224431271906     
   336.000000000000        703.168979586883     
 CH  0.000000000000000E+000  0.000000000000000E+000  0.000000000000000E+000
 CH   1.26143751665017       0.827634960906965      -0.308862045372969     
 CH  -1.12440874870730        1.04345743964207       0.136020994683658     
   336.000000000000        292.782728375145     
 CH  0.000000000000000E+000  0.000000000000000E+000  0.000000000000000E+000
 CH   1.43024709989305       0.556062317519325      -0.129568253374619     
 CH  -1.15674658257746       0.932068982858359       0.405937099065105     
   336.000000000000        269.987705197853     
 CH  0.000000000000000E+000  0.000000000000000E+000  0.000000000000000E+000
 CH   1.47645450130527       0.184451593198253       0.397063868089288     
 CH  -1.03055122082222        1.08804209579829       0.354582504561833     
   336.000000000000        480.431456390158     
 CH  0.000000000000000E+000  0.000000000000000E+000  0.000000000000000E+000
 CH   1.39866359206617      -1.914649165873938E-002  0.644184420865418     
 CH -0.869716810507434       0.909493299244318       0.887701966686512     
   336.000000000000        118.761847642014     
 CH  0.000000000000000E+000  0.000000000000000E+000  0.000000000000000E+000
 CH   1.40401504751357      -2.082952420472901E-003  0.632722219986529     
 CH -0.888647554667019        1.05441775540765       0.685644874679349     
   336.000000000000        4.11836317074629     
 CH  0.000000000000000E+000  0.000000000000000E+000  0.000000000000000E+000
 CH   1.38986828265943       1.225383466343944E-002  0.663110850758291     
 CH -0.999180549437209       0.966284403059497       0.662972741173383     
   336.000000000000        94.0646136292679     
 CH  0.000000000000000E+000  0.000000000000000E+000  0.000000000000000E+000
 CH   1.46424020393598       0.281419546571198       0.385231961271631     
 CH  -1.06004764923388        1.02589406203522       0.442086562047786     
   336.000000000000        290.918753707846     
 CH  0.000000000000000E+000  0.000000000000000E+000  0.000000000000000E+000
 CH   1.47364364998006       0.215694115828232       0.391727508953024     
 CH  -1.12385403687789       0.603867118901155       0.862494510134371     
   336.000000000000        92.8838802592487     
 CH  0.000000000000000E+000  0.000000000000000E+000  0.000000000000000E+000
 CH   1.52158321149004       9.128067689856785E-004  0.237452515875220     
 CH -0.869396146147763       0.824355230532447       0.967568585923423     
   336.000000000000        9.97652361239989     
 CH  0.000000000000000E+000  0.000000000000000E+000  0.000000000000000E+000
 CH   1.52750582276586      -9.302968738833203E-002  0.172253994673042     
 CH -0.704066344911625       0.615581407957658        1.22349919724056     
   336.000000000000        706.977480437573     
 CH  0.000000000000000E+000  0.000000000000000E+000  0.000000000000000E+000
 CH   1.45736091126538      -0.234169029401769       0.439162885481889     
 CH -0.674310640737878       0.645058690993447        1.22507331146758     
   336.000000000000        6.27086022574423     
 CH  0.000000000000000E+000  0.000000000000000E+000  0.000000000000000E+000
 CH   1.49246217824907      -0.188824296809796       0.329396465418697     
 CH -0.853886961355754       0.553499522044640        1.15590462834597     
   336.000000000000        36.3288019264798     
 CH  0.000000000000000E+000  0.000000000000000E+000  0.000000000000000E+000
 CH   1.46902259460732      -4.089715509501706E-002  0.460326014079486     
 CH -0.946692591571912       0.418590633058026        1.14024347947602     
   336.000000000000        459.654247494489     
 CH  0.000000000000000E+000  0.000000000000000E+000  0.000000000000000E+000
 CH   1.47226952804887      -0.195861669420021       0.407014303471966     
 CH  -1.04373055910012       0.554503765832392       0.987295430550998     
   336.000000000000        338.181735468656     
 CH  0.000000000000000E+000  0.000000000000000E+000  0.000000000000000E+000
 CH   1.47427219274769      -0.392928865121305       0.209113387054515     
 CH -0.920204977504858       0.256854111172966        1.20782819078604     
   336.000000000000        586.558068420279     
 CH  0.000000000000000E+000  0.000000000000000E+000  0.000000000000000E+000
 CH   1.50733491932236      -0.112360503798755       0.294816143007054     
 CH  -1.01816123308510       0.476966529157964        1.05235488644006     
   336.000000000000        16.1915908339756     
 CH  0.000000000000000E+000  0.000000000000000E+000  0.000000000000000E+000
 CH   1.49175909499572       0.206039638860828       0.322183906667675     
 CH -0.982003656691352       0.805847152820145       0.870562667500232     
   336.000000000000       0.163189822509082     
 CH  0.000000000000000E+000  0.000000000000000E+000  0.000000000000000E+000
 CH   1.45255528873062       0.488950108780232       0.150369293090467     
 CH -0.983562515613097       0.629187953116647        1.00415510308038     
   336.000000000000        5.16638484762045     
 CH  0.000000000000000E+000  0.000000000000000E+000  0.000000000000000E+000
 CH   1.44992887229416       0.491730030643578       0.165854883108856     
 CH  -1.00458171528238       0.765611275616201       0.881053418061740     
   336.000000000000        310.187751175031     
 CH  0.000000000000000E+000  0.000000000000000E+000  0.000000000000000E+000
 CH   1.51689390636156       0.153044465447887       0.217279240699511     
 CH -0.982915946860270       0.974349527914918       0.675366132085696     
   336.000000000000        294.529623643580     
 CH  0.000000000000000E+000  0.000000000000000E+000  0.000000000000000E+000
 CH   1.34951957336274      -0.442903639002946       0.595175005917412     
 CH  -1.06193584668008       0.658934820957577       0.899831835830505     
   336.000000000000        11.6916121224938     
 CH  0.000000000000000E+000  0.000000000000000E+000  0.000000000000000E+000
 CH   1.38070510221659      -0.262484188072493       0.629567686372958     
 CH -0.961715573985062       0.731086929977875       0.955099591183425     
