         100
   329.00000000000000        139.77898083341609     
 O2   0.0000000000000000        0.0000000000000000        0.0000000000000000     
 C1   1.1834786267183663       0.17249773021593359       0.74680845815453889     
 C3  -1.1997769001753771       0.38197451845239755       0.63461068696783929     
   329.00000000000000        6.2204064206274614     
 O2   0.0000000000000000        0.0000000000000000        0.0000000000000000     
 C1   1.2621309053949767       0.29694001820315474       0.55403267343755536     
 C3  -1.0699882092779258       0.40233664012757431       0.82543947505086235     
   329.00000000000000        86.452775506729168     
 O2   0.0000000000000000        0.0000000000000000        0.0000000000000000     
 C1   1.2017964049394134       0.12761188628624978       0.72629237057342522     
 C3  -1.0788549383801940       0.29524908941288247       0.85848696209593189     
   329.00000000000000        160.50731740972765     
 O2   0.0000000000000000        0.0000000000000000        0.0000000000000000     
 C1   1.0092174725527994       0.14402718939866307       0.97408226644778850     
 C3  -1.3028900624289010       0.38222931405335825       0.38010275407774219     
   329.00000000000000        4.5271125465586692     
 O2   0.0000000000000000        0.0000000000000000        0.0000000000000000     
 C1   1.0113083582417806       0.36186362405809192       0.91346052029294478     
 C3  -1.2964873145775424       0.15014372848126140       0.53355165719209297     
   329.00000000000000        652.99558893637879     
 O2   0.0000000000000000        0.0000000000000000        0.0000000000000000     
 C1  0.76485722004040546       0.21407703143037390        1.1650169344546115     
 C3  -1.3075385208056431       0.31449610858574628       0.42371580245369972     
   329.00000000000000        61.339613363171246     
 O2   0.0000000000000000        0.0000000000000000        0.0000000000000000     
 C1  0.82389217536331305       0.37793774978608125        1.0800299721126911     
 C3  -1.3842931302893324       6.69589291879408577E-002  0.25951666264603152     
   329.00000000000000        198.12640093838232     
 O2   0.0000000000000000        0.0000000000000000        0.0000000000000000     
 C1  0.64743023237551278       0.37713817617753354        1.1944458507088853     
 C3  -1.4063967004968967      -9.47318976314436706E-002  3.42644912082029560E-002
   329.00000000000000       0.88553609152998547     
 O2   0.0000000000000000        0.0000000000000000        0.0000000000000000     
 C1  0.64743023237551278       0.37713817617753354        1.1944458507088853     
 C3  -1.3684142009788114      -0.26616082400817165       0.21142577250179717     
   329.00000000000000        17.892012499216019     
 O2   0.0000000000000000        0.0000000000000000        0.0000000000000000     
 C1  0.63797583305731997       0.30188253642622659        1.2206366251410312     
 C3  -1.3684142009788114      -0.26616082400817165       0.21142577250179717     
   329.00000000000000        74.280249412214374     
 O2   0.0000000000000000        0.0000000000000000        0.0000000000000000     
 C1  0.62503488646159233       0.22042270314517637        1.2445261036411079     
 C3  -1.3653107148661090      -0.27682307229554476       0.21770508830025090     
   329.00000000000000        22.700393505342959     
 O2   0.0000000000000000        0.0000000000000000        0.0000000000000000     
 C1  0.81989106219713892       0.34931922116927638        1.0926365945962717     
 C3  -1.3310134950519097      -0.29392407478737548       0.36070982964878440     
   329.00000000000000        356.04579585953479     
 O2   0.0000000000000000        0.0000000000000000        0.0000000000000000     
 C1  0.77688650311042784       0.41179820522658850        1.1022565941998315     
 C3  -1.3567702781966580      -0.32291538675625614       0.20736424994050989     
   329.00000000000000        155.44525401431903     
 O2   0.0000000000000000        0.0000000000000000        0.0000000000000000     
 C1  0.46727706172271832       0.15036442765034141        1.3217952513476392     
 C3  -1.3918610558806959      -0.21600529431960080       6.45320145644491666E-002
   329.00000000000000        309.40268500757406     
 O2   0.0000000000000000        0.0000000000000000        0.0000000000000000     
 C1  0.49247898566453452       0.12430981600110161        1.3153370360195153     
 C3  -1.4036876892389663       7.35634306537950450E-002  0.11112677312234458     
   329.00000000000000        102.92041090392517     
 O2   0.0000000000000000        0.0000000000000000        0.0000000000000000     
 C1  0.87446684771252892       0.37807995104412595        1.0394533577174996     
 C3  -1.3627518955575340       0.29407976866220420       0.21100764861279814     
   329.00000000000000        622.66719521157881     
 O2   0.0000000000000000        0.0000000000000000        0.0000000000000000     
 C1  0.77433632443702327       0.28191675707419339        1.1441268280825039     
 C3  -1.3784248630577325       0.29462395039339018      -3.52348082729862649E-002
   329.00000000000000        89.862770965660758     
 O2   0.0000000000000000        0.0000000000000000        0.0000000000000000     
 C1  0.81913819980473901       0.19409814433500000        1.1311226812270900     
 C3  -1.3520516655366817       0.36595484504168468       0.16165770029655471     
   329.00000000000000        356.41176363506145     
 O2   0.0000000000000000        0.0000000000000000        0.0000000000000000     
 C1  0.81913819980473901       0.19409814433500000        1.1311226812270900     
 C3  -1.3878568880866959       0.21795110664092884       0.12020998402576884     
   329.00000000000000        2.6856160615365070     
 O2   0.0000000000000000        0.0000000000000000        0.0000000000000000     
 C1  0.81913819980473901       0.19409814433500000        1.1311226812270900     
 C3  -1.3656350936960620      -1.76777404471948896E-002  0.35046847977185974     
   329.00000000000000       0.93246564321172976     
 O2   0.0000000000000000        0.0000000000000000        0.0000000000000000     
 C1  0.81913819980473901       0.19409814433500000        1.1311226812270900     
 C3  -1.3234418373905548       0.42474657413418432       0.23704834477539735     
   329.00000000000000        29.418940234892297     
 O2   0.0000000000000000        0.0000000000000000        0.0000000000000000     
 C1  0.81913819980473901       0.19409814433500000        1.1311226812270900     
 C3  -1.3148333153347411       0.48501915191516115       0.15514393999289822     
   329.00000000000000        105.52735484068737     
 O2   0.0000000000000000        0.0000000000000000        0.0000000000000000     
 C1  0.75003606763790365       7.75053916391135328E-002   1.1914440026745436     
 C3  -1.3349820014706961       0.44528553556506489       8.74283393471289305E-002
   329.00000000000000        105.99428383077199     
 O2   0.0000000000000000        0.0000000000000000        0.0000000000000000     
 C1  0.56861201201819778      -2.06773907023114888E-003   1.2902620292962801     
 C3  -1.3977425272823172       0.17793480837930570      -5.24871255512263032E-002
   329.00000000000000        41.826717494197091     
 O2   0.0000000000000000        0.0000000000000000        0.0000000000000000     
 C1  0.56861201201819778      -2.06773907023114888E-003   1.2902620292962801     
 C3  -1.4003471597300237       0.16375799094235199      -1.76357476096357102E-002
   329.00000000000000        204.12583471458862     
 O2   0.0000000000000000        0.0000000000000000        0.0000000000000000     
 C1  0.62500325560493775      -0.12308511976388874        1.2579034079673759     
 C3  -1.3796720359359924       0.15928150087686146       0.24338106682693836     
   329.00000000000000        38.860099614732292     
 O2   0.0000000000000000        0.0000000000000000        0.0000000000000000     
 C1  0.62500325560493775      -0.12308511976388874        1.2579034079673759     
 C3  -1.3460906299447482       0.41534662565565389       6.02251067793465045E-002
   329.00000000000000        68.296348363665402     
 O2   0.0000000000000000        0.0000000000000000        0.0000000000000000     
 C1  0.57583137660592087      -2.78172581934254953E-002   1.2867573298266970     
 C3  -1.3491706946824142       0.39492016277599629       0.10897875296737070     
   329.00000000000000        10.158220273040683     
 O2   0.0000000000000000        0.0000000000000000        0.0000000000000000     
 C1  0.69679667191738259      -0.13992330619626375        1.2177831770836574     
 C3  -1.3967674793011606       9.41722590715634578E-002  0.16814297886979987     
   329.00000000000000        481.49361606580015     
 O2   0.0000000000000000        0.0000000000000000        0.0000000000000000     
 C1  0.69679667191738259      -0.13992330619626375        1.2177831770836574     
 C3  -1.3973552846241204      -0.18486998022550274      -3.63478458733881848E-002
   329.00000000000000        105.49954165012979     
 O2   0.0000000000000000        0.0000000000000000        0.0000000000000000     
 C1  0.66251041759350082      -1.99834247754198356E-002   1.2445001443609118     
 C3  -1.3346632559008151      -0.40702895003425893       0.20273454105656025     
   329.00000000000000        21.541801772316688     
 O2   0.0000000000000000        0.0000000000000000        0.0000000000000000     
 C1  0.83849979136852881      -0.13046787763613846        1.1260533880682815     
 C3  -1.3677530489305925       0.11484405284083024       0.32274185911240433     
   329.00000000000000        301.89933405010976     
 O2   0.0000000000000000        0.0000000000000000        0.0000000000000000     
 C1   1.0264549002029129      -1.47543442417620418E-002  0.96657780192565157     
 C3  -1.3284605855811327       0.17520457453265864       0.43885726218832621     
   329.00000000000000        357.04192134197581     
 O2   0.0000000000000000        0.0000000000000000        0.0000000000000000     
 C1  0.99006524715447664      -0.12473046014589297       0.99614914480148964     
 C3  -1.2253951144169535       1.32130999663799178E-002  0.69737514617851815     
   329.00000000000000        248.47241239623352     
 O2   0.0000000000000000        0.0000000000000000        0.0000000000000000     
 C1  0.89380371516244206       1.02840599042224954E-002   1.0904628177401112     
 C3  -1.2941654310467825       0.11381730041237717       0.54797931180429071     
   329.00000000000000        21.208603046517737     
 O2   0.0000000000000000        0.0000000000000000        0.0000000000000000     
 C1  0.89380371516244206       1.02840599042224954E-002   1.0904628177401112     
 C3  -1.3317598066805538       0.29507441853750721       0.35699687924419615     
   329.00000000000000        12.711500333412076     
 O2   0.0000000000000000        0.0000000000000000        0.0000000000000000     
 C1  0.89740982893187771      -6.38324870817987278E-002   1.0856707661761047     
 C3  -1.2079609711122612       0.65643883919673784       0.31307859974570584     
   329.00000000000000        123.25688860480278     
 O2   0.0000000000000000        0.0000000000000000        0.0000000000000000     
 C1  0.82774831625799739      -0.14459018431110951        1.1322660480350588     
 C3  -1.1370911138883861       0.74023773983999397       0.38362970973038063     
   329.00000000000000        31.582642676230769     
 O2   0.0000000000000000        0.0000000000000000        0.0000000000000000     
 C1  0.81586028032525104      -0.39459900762054090        1.0801683323318116     
 C3  -1.0900081685717333       0.75958573208049907       0.47224101370147520     
   329.00000000000000        50.928359714583195     
 O2   0.0000000000000000        0.0000000000000000        0.0000000000000000     
 C1  0.79731231177426898      -0.26442139738095416        1.1324638634853983     
 C3  -1.1166927374999058       0.82425129193477986       0.24840894652564555     
   329.00000000000000        126.61998919438375     
 O2   0.0000000000000000        0.0000000000000000        0.0000000000000000     
 C1  0.44186235573027427      -0.32201833044802552        1.2996775959613827     
 C3  -1.2875029710852937       0.56484268154562811       0.10671790621097045     
   329.00000000000000        182.04515742470682     
 O2   0.0000000000000000        0.0000000000000000        0.0000000000000000     
 C1  0.37065739366875372      -0.28283942247512289        1.3306821399615409     
 C3  -1.3666772880477276       0.24849458492533774      -0.24195763792958028     
   329.00000000000000        304.96897159991261     
 O2   0.0000000000000000        0.0000000000000000        0.0000000000000000     
 C1  0.39101818145472550      -0.37736111875503042        1.3010777716277346     
 C3  -1.3666772880477276       0.24849458492533774      -0.24195763792958028     
   329.00000000000000        214.10713222244067     
 O2   0.0000000000000000        0.0000000000000000        0.0000000000000000     
 C1  0.48792874634573702      -0.55072569230778656        1.2027995470241859     
 C3  -1.4061015091627658       1.76989579871365578E-002  0.10327226041648757     
   329.00000000000000        104.55327663699657     
 O2   0.0000000000000000        0.0000000000000000        0.0000000000000000     
 C1  0.72664354762997918      -0.73433008821214873       0.95960850154323674     
 C3  -1.3968995413259870       3.74402971730290260E-002  0.18806850492842017     
   329.00000000000000        26.439791721323047     
 O2   0.0000000000000000        0.0000000000000000        0.0000000000000000     
 C1  0.78556956174049830      -0.99243992686200411       0.62132395353549785     
 C3  -1.2727820466685635       6.02689705059270067E-002  0.60373287124978237     
   329.00000000000000        268.04625427086029     
 O2   0.0000000000000000        0.0000000000000000        0.0000000000000000     
 C1   1.0355119669100947      -0.75142835997200030       0.59259630965420096     
 C3  -1.1828291208972301       0.19435221640606379       0.74245697093549068     
   329.00000000000000        31.064773953311764     
 O2   0.0000000000000000        0.0000000000000000        0.0000000000000000     
 C1  0.97490603322835312      -0.78010188202842368       0.65505669985938575     
 C3  -1.1638132355002033       8.14755343146189859E-002  0.79183354130641881     
   329.00000000000000        132.32447989654159     
 O2   0.0000000000000000        0.0000000000000000        0.0000000000000000     
 C1  0.97072606454681143      -0.73855862368232705       0.70733448028067170     
 C3  -1.1079222687526202       0.18480070637350793       0.85232435861065703     
   329.00000000000000        24.073352919379147     
 O2   0.0000000000000000        0.0000000000000000        0.0000000000000000     
 C1  0.88015179400769483      -0.59905807794206090       0.92442535596845254     
 C3  -1.2584400534367801       0.32887703888108827       0.54430542176062302     
   329.00000000000000        124.54102916120688     
 O2   0.0000000000000000        0.0000000000000000        0.0000000000000000     
 C1  0.90594195585218429      -0.49455337694213131       0.96061757738543030     
 C3  -1.2864579183715517       0.32900114457415164       0.47421950411513125     
   329.00000000000000        166.11566380966372     
 O2   0.0000000000000000        0.0000000000000000        0.0000000000000000     
 C1   1.0509593382585711      -0.57668188072666970       0.74230888299188291     
 C3  -1.0876077123987140       0.51272717915218913       0.73642390689374215     
   329.00000000000000        32.192820817526687     
 O2   0.0000000000000000        0.0000000000000000        0.0000000000000000     
 C1   1.3033448957576850      -0.29116129790555373       0.45234630683176991     
 C3 -0.75290411177423977       0.79406971673484339       0.88920669722694734     
   329.00000000000000        83.449963985163464     
 O2   0.0000000000000000        0.0000000000000000        0.0000000000000000     
 C1   1.3685904124281330      -0.31073637915454577       0.13602641537478702     
 C3 -0.47293863366193117       0.50567738500033499        1.2282993519677425     
   329.00000000000000        123.98893132718904     
 O2   0.0000000000000000        0.0000000000000000        0.0000000000000000     
 C1   1.3240532057463066      -0.42369895188386869       0.23550436625557261     
 C3 -0.56367435486254358       0.84226831726228168       0.98028320926231682     
   329.00000000000000        65.241342669924109     
 O2   0.0000000000000000        0.0000000000000000        0.0000000000000000     
 C1   1.4090386839666278      -1.83158185614435975E-002  4.87290249852908169E-002
 C3 -0.61413326046753647       0.89246932970353532       0.90246257588955037     
   329.00000000000000        35.419291621304694     
 O2   0.0000000000000000        0.0000000000000000        0.0000000000000000     
 C1   1.4004463685673512       0.14879565927147800       6.86281323400619175E-002
 C3 -0.71245407412724038       0.82703418567583098       0.89248166084137470     
   329.00000000000000        150.59221913543840     
 O2   0.0000000000000000        0.0000000000000000        0.0000000000000000     
 C1   1.3900655039036738       0.22223696164523124      -8.01787237097306982E-002
 C3 -0.52783049797528336       0.93267204614243004       0.91630654625339436     
   329.00000000000000       5.96803563866288300E-003
 O2   0.0000000000000000        0.0000000000000000        0.0000000000000000     
 C1   1.3888463160330304      -0.17954983312235465      -0.16421865870604738     
 C3 -0.29551318001521820        1.0513606202112602       0.89185911088100311     
   329.00000000000000        210.91326726765055     
 O2   0.0000000000000000        0.0000000000000000        0.0000000000000000     
 C1   1.3584132652275933      -0.37773152276585370      -1.15020677574262774E-002
 C3 -0.40911313954167450       0.90835081489613434       0.99781015383040128     
   329.00000000000000        628.18685270267315     
 O2   0.0000000000000000        0.0000000000000000        0.0000000000000000     
 C1   1.3758232828470955      -0.30840161120813664      -9.93682947751167896E-003
 C3 -0.48773163232347561        1.1280887672412703       0.69111030596447875     
   329.00000000000000        139.92007877230520     
 O2   0.0000000000000000        0.0000000000000000        0.0000000000000000     
 C1   1.3160100540509030      -0.41347112607810965       0.29199172169196719     
 C3 -0.43874263661100271        1.1802922544498853       0.63444066693458356     
   329.00000000000000        518.79452812004365     
 O2   0.0000000000000000        0.0000000000000000        0.0000000000000000     
 C1   1.3592364590814630      -0.21910740666957124       0.30425021388032092     
 C3 -0.34409472857739454        1.1178172991672184       0.78751709213382814     
   329.00000000000000       6.67626256128817097E-002
 O2   0.0000000000000000        0.0000000000000000        0.0000000000000000     
 C1   1.3843413631191865      -5.03727551903373205E-002  0.26298588534719075     
 C3 -0.62771260561707032        1.0724315858584310       0.66630867123110726     
   329.00000000000000        207.94106854363832     
 O2   0.0000000000000000        0.0000000000000000        0.0000000000000000     
 C1   1.3754849453072155      -4.62048001795208330E-002  0.30660443844402518     
 C3 -0.60676184619889884       0.82043595502481681       0.97304921389156140     
   329.00000000000000        31.189225933777863     
 O2   0.0000000000000000        0.0000000000000000        0.0000000000000000     
 C1   1.2563127455603760      -0.11202422023365927       0.63026094550082135     
 C3 -0.72254282911693490        1.0767400843694894       0.55377117815831245     
   329.00000000000000        53.766862406048482     
 O2   0.0000000000000000        0.0000000000000000        0.0000000000000000     
 C1   1.3308579394073679       0.19954586091915288       0.42083083835005231     
 C3 -0.82104054827015749        1.0024495705063843       0.55595606269108200     
   329.00000000000000        39.193961156064994     
 O2   0.0000000000000000        0.0000000000000000        0.0000000000000000     
 C1   1.3484600170143162       0.24006364837755390       0.33485075368200623     
 C3 -0.91771461492091222       0.85701676772253121       0.64142186769563170     
   329.00000000000000        57.551125310054005     
 O2   0.0000000000000000        0.0000000000000000        0.0000000000000000     
 C1   1.2429469097432138       0.40517667967910515       0.52821855117366878     
 C3 -0.99402749558944381       0.99999898663648878      -3.35137185936703209E-003
   329.00000000000000        296.72446815230620     
 O2   0.0000000000000000        0.0000000000000000        0.0000000000000000     
 C1   1.1230444510931166       0.24519753896225105       0.81654719873122694     
 C3  -1.0821171208934421       0.90153816355998062       6.59647123040137257E-002
   329.00000000000000        49.557761515613038     
 O2   0.0000000000000000        0.0000000000000000        0.0000000000000000     
 C1   1.0527509505038166       5.38475797218730540E-002  0.93643786466129497     
 C3 -0.94392625592948731        1.0046441810190143       0.29629910540995619     
   329.00000000000000        18.732605139537966     
 O2   0.0000000000000000        0.0000000000000000        0.0000000000000000     
 C1  0.94943181739363214       1.75570797160523248E-003   1.0424375960268037     
 C3 -0.66205948401888470        1.2343737631037508      -0.16155036223079183     
   329.00000000000000        36.375897302236922     
 O2   0.0000000000000000        0.0000000000000000        0.0000000000000000     
 C1  0.93707925517488844       0.12114787989443637        1.0465685169724714     
 C3 -0.95396505681660670        1.0373576664375606      -4.40409946671734345E-002
   329.00000000000000        313.82042479032833     
 O2   0.0000000000000000        0.0000000000000000        0.0000000000000000     
 C1   1.3030633076428333       0.32258971530835984       0.43134892123684465     
 C3 -0.89738748744112429        1.0536214375359869      -0.26958751956252214     
   329.00000000000000        284.31196079763424     
 O2   0.0000000000000000        0.0000000000000000        0.0000000000000000     
 C1   1.3872152441625989       0.22777347458004571       0.10887199199350404     
 C3 -0.51788072039490018        1.1021144821969127      -0.71080454031347950     
   329.00000000000000        67.696541970907987     
 O2   0.0000000000000000        0.0000000000000000        0.0000000000000000     
 C1   1.3940937190923186       4.32515141133683959E-002  0.20671721968488357     
 C3 -0.38522140515363679        1.1161068251967430      -0.77072037128641602     
   329.00000000000000        1.0228662346480686     
 O2   0.0000000000000000        0.0000000000000000        0.0000000000000000     
 C1   1.3022847879338648       0.11753574022754147       0.52757907548083549     
 C3 -0.35802060090243470        1.1336476608172370      -0.75813197888509687     
   329.00000000000000        5.0774080805003052     
 O2   0.0000000000000000        0.0000000000000000        0.0000000000000000     
 C1   1.0910811262434954       0.20049505369105008       0.87031242057128477     
 C3 -0.30301023440924568        1.1423027938465029      -0.76904420677155760     
   329.00000000000000        1.9588073998359050     
 O2   0.0000000000000000        0.0000000000000000        0.0000000000000000     
 C1   1.0881064640025546       0.22080476579064404       0.86912000230117625     
 C3 -0.33489363368987984        1.1474605560974640      -0.74785051532351898     
   329.00000000000000        443.60436390520391     
 O2   0.0000000000000000        0.0000000000000000        0.0000000000000000     
 C1  0.90448692873981795       0.48297135973088234       0.96785435961125554     
 C3 -0.64085969709101742        1.1569516793399486      -0.48873461845059368     
   329.00000000000000        17.357838597438505     
 O2   0.0000000000000000        0.0000000000000000        0.0000000000000000     
 C1  0.88059326838089846       0.46150337395726554       0.99983505215025670     
 C3 -0.67167343331688278        1.0366090498405165      -0.67999731155366927     
   329.00000000000000        1.2943517095775121     
 O2   0.0000000000000000        0.0000000000000000        0.0000000000000000     
 C1  0.67454421912979090       0.17814867326865108        1.2252971666706813     
 C3 -0.59562105035366641        1.1986467063250745      -0.44337512869669610     
   329.00000000000000       2.01809168096929170E-002
 O2   0.0000000000000000        0.0000000000000000        0.0000000000000000     
 C1  0.96191222792212494       0.35673961852077951       0.96724439018871666     
 C3  -1.0548833360847247       0.93343067929542434      -6.34679537720445885E-002
   329.00000000000000        15.023545936722348     
 O2   0.0000000000000000        0.0000000000000000        0.0000000000000000     
 C1  0.86701564606132009       0.52548237346782367       0.97992456069816647     
 C3  -1.0453288255823132       0.90555968291674893      -0.27449804013432405     
   329.00000000000000        6.9045206083582080     
 O2   0.0000000000000000        0.0000000000000000        0.0000000000000000     
 C1  0.93008147111058015       0.54629419798241019       0.90808100208490994     
 C3  -1.0012122981710911       0.93803469262212302      -0.32521487724802384     
   329.00000000000000        259.24179424971538     
 O2   0.0000000000000000        0.0000000000000000        0.0000000000000000     
 C1   1.2025881717088651       0.39358417015809344       0.62207169222437153     
 C3 -0.72981975582124925        1.1844902242322257      -0.22901069771184984     
   329.00000000000000        139.92278836605365     
 O2   0.0000000000000000        0.0000000000000000        0.0000000000000000     
 C1   1.1922196608068012       0.40905395579322440       0.63197083922886077     
 C3 -0.74288122601318951        1.1586605786631401      -0.30615847929512252     
   329.00000000000000        199.96447298241901     
 O2   0.0000000000000000        0.0000000000000000        0.0000000000000000     
 C1   1.2165976421833367       0.59348732318830755       0.39466818246309571     
 C3 -0.89068927091811390        1.0514326568428141      -0.29876723004871925     
   329.00000000000000        157.00460783244537     
 O2   0.0000000000000000        0.0000000000000000        0.0000000000000000     
 C1   1.1984213053795054       0.39052603469170677       0.63196185884945244     
 C3 -0.91317052669555931        1.0288582264720767      -0.30930600697440802     
   329.00000000000000        401.07336558331002     
 O2   0.0000000000000000        0.0000000000000000        0.0000000000000000     
 C1   1.2309276772132876       0.65917366281804490       0.19597738572943318     
 C3 -0.91317052669555931        1.0288582264720767      -0.30930600697440802     
   329.00000000000000        60.565757566746107     
 O2   0.0000000000000000        0.0000000000000000        0.0000000000000000     
 C1   1.3006177720046774       0.54010969553904387       6.91008533254835605E-002
 C3 -0.91317052669555931        1.0288582264720767      -0.30930600697440802     
   329.00000000000000        102.29664452850527     
 O2   0.0000000000000000        0.0000000000000000        0.0000000000000000     
 C1   1.1449310021780366       0.81445493393632651       0.11788197842915120     
 C3  -1.1223996746408953       0.83509048274385167      -0.17590543752771759     
   329.00000000000000       3.53304993357994590E-002
 O2   0.0000000000000000        0.0000000000000000        0.0000000000000000     
 C1   1.2316394894265881       0.67598653260465291      -0.11919050223131426     
 C3  -1.0602245184428702       0.87969507598305230       0.30026723220977602     
   329.00000000000000        6.6200446465214426     
 O2   0.0000000000000000        0.0000000000000000        0.0000000000000000     
 C1   1.0887930908458436       0.58829065607204756      -0.67568018270826447     
 C3 -0.71341498776046852       0.91884307965109668       0.79678498804331288     
   329.00000000000000        61.310024459476480     
 O2   0.0000000000000000        0.0000000000000000        0.0000000000000000     
 C1   1.0086241844465742       0.54204406685103790      -0.82277912232935846     
 C3 -0.73737069849346148       0.94972812431688380       0.73647865538653712     
   329.00000000000000        1215.6276145221045     
 O2   0.0000000000000000        0.0000000000000000        0.0000000000000000     
 C1   1.0907167083295668       0.59904642357694715      -0.66300863084154726     
 C3 -0.57224263911536133        1.1480629324891505       0.58531165371779670     
   329.00000000000000        82.314830150888142     
 O2   0.0000000000000000        0.0000000000000000        0.0000000000000000     
 C1  0.92005369190507003       0.59520322948915039      -0.88731861223437447     
 C3 -0.85875601269100232        1.0004524473359040       0.49973280684963439     
   329.00000000000000        79.491394815706741     
 O2   0.0000000000000000        0.0000000000000000        0.0000000000000000     
 C1   1.1722716189926496       0.69791572340159691      -0.35607989880527907     
 C3  -1.0083600889215081       0.93531304693486095       0.31064336828395062     
   329.00000000000000        24.726090791889781     
 O2   0.0000000000000000        0.0000000000000000        0.0000000000000000     
 C1  0.83139654777123606       0.64534265486006182      -0.93830306307303402     
 C3  -1.1607202652734363       0.76661859221813744       0.23048702090184436     
   329.00000000000000        100.49966197807403     
 O2   0.0000000000000000        0.0000000000000000        0.0000000000000000     
 C1   1.1037359818901955       0.54955045399143732      -0.68400378712306231     
 C3  -1.0721655482996011       0.88439935136797732       0.23748408640260338     
