         100
   343.00000000000000        74.708028148394561     
 C2   0.0000000000000000        0.0000000000000000        0.0000000000000000     
 C1  0.45471752199630433      -0.13143179260260571        1.4654547618684126     
 O3  -1.3812807399371763       0.21116986440609972      -0.18860188970550115     
   343.00000000000000        26.849108822448230     
 C2   0.0000000000000000        0.0000000000000000        0.0000000000000000     
 C1  0.54357237174883222      -0.19105476848813985        1.4281551568752231     
 O3  -1.3906244191430224       0.22500296293238226      -6.03096883589251953E-002
   343.00000000000000        11.339727750283629     
 C2   0.0000000000000000        0.0000000000000000        0.0000000000000000     
 C1  0.57757719379171657      -0.16103499685429645        1.4184753487459070     
 O3  -1.2899536633216955       0.56907600187842833      -1.64899218970731565E-002
   343.00000000000000        1.6890785149721610     
 C2   0.0000000000000000        0.0000000000000000        0.0000000000000000     
 C1  0.75147892378251002      -0.37004828383533472        1.2922630129896948     
 O3  -1.2657524559576423       0.56657699648229554       0.25487466380452151     
   343.00000000000000        107.35663106806548     
 C2   0.0000000000000000        0.0000000000000000        0.0000000000000000     
 C1  0.68426217417739343      -0.31223873281680420        1.3438349045619342     
 O3  -1.2723407697547668       0.54083534992141746       0.27703060634232279     
   343.00000000000000        7.0946640779721335     
 C2   0.0000000000000000        0.0000000000000000        0.0000000000000000     
 C1  0.33077025185158798      -0.23224781050699558        1.4860188407300710     
 O3  -1.3650157578849103       0.30967315776552329      -0.17010109652963426     
   343.00000000000000        147.59139493897288     
 C2   0.0000000000000000        0.0000000000000000        0.0000000000000000     
 C1  0.45142134070269346      -0.27075129644276819        1.4472430717169604     
 O3  -1.2992687516413211       0.51921619707637567      -0.17439930807523224     
   343.00000000000000       0.20529349957418219     
 C2   0.0000000000000000        0.0000000000000000        0.0000000000000000     
 C1  0.45142134070269346      -0.27075129644276819        1.4472430717169604     
 O3  -1.4043425660073805       2.19761999655101563E-002 -0.12425325303609729     
   343.00000000000000        167.34769796647777     
 C2   0.0000000000000000        0.0000000000000000        0.0000000000000000     
 C1  0.27852246110668427      -0.18063684308841266        1.5037937257410432     
 O3  -1.3994081907020566      -4.79272521510715546E-002 -0.16570926724964441     
   343.00000000000000        94.027283597104528     
 C2   0.0000000000000000        0.0000000000000000        0.0000000000000000     
 C1  0.70754320105497670      -0.55075756791483776        1.2520577942033704     
 O3  -1.3500239643571283      -0.40441397269668783       4.45477418542801831E-002
   343.00000000000000        233.78396112639336     
 C2   0.0000000000000000        0.0000000000000000        0.0000000000000000     
 C1  0.66906870772562210      -0.57697838633485776        1.2613655322882380     
 O3  -1.2924656045523339      -0.45515928373626841      -0.33235907454593067     
   343.00000000000000        358.12730884689898     
 C2   0.0000000000000000        0.0000000000000000        0.0000000000000000     
 C1  0.43837372317415207      -0.36326148831453670        1.4308981689616980     
 O3  -1.1928247104414844      -0.54330066946675837      -0.51970516610125328     
   343.00000000000000        493.64235936727101     
 C2   0.0000000000000000        0.0000000000000000        0.0000000000000000     
 C1  0.26027963323992981      -0.22044379582118198        1.5017519919761841     
 O3  -1.0406930791957392      -0.90826229612002041      -0.28305014275927953     
   343.00000000000000        3.2066821085906918     
 C2   0.0000000000000000        0.0000000000000000        0.0000000000000000     
 C1  0.59175161274137889      -0.60751614277015786        1.2854392887614905     
 O3 -0.95652180890616056      -0.83863549999434228      -0.60815819832613882     
   343.00000000000000        30.985917949584692     
 C2   0.0000000000000000        0.0000000000000000        0.0000000000000000     
 C1   1.2231129887897949      -0.73642549215429243       0.57729724679665939     
 O3 -0.93576199910329860      -0.93630885033105993      -0.48556676655337122     
   343.00000000000000        147.46837867060515     
 C2   0.0000000000000000        0.0000000000000000        0.0000000000000000     
 C1  0.78520371133736910      -0.49641347756433313        1.2282625089916679     
 O3  -1.0425560919205206      -0.92142992435295423      -0.22834963687619628     
   343.00000000000000        12.901409026948102     
 C2   0.0000000000000000        0.0000000000000000        0.0000000000000000     
 C1  0.79929937219420810      -0.78174431772895958        1.0590544534198552     
 O3  -1.0481359293302634      -0.74718655605928763      -0.57551993105922716     
   343.00000000000000        23.255903360156978     
 C2   0.0000000000000000        0.0000000000000000        0.0000000000000000     
 C1  0.91537738984917150      -0.69815337503652874        1.0228714968548209     
 O3  -1.1067706652235665      -0.82084100875414434      -0.29896253929754457     
   343.00000000000000        2.5761667829048633     
 C2   0.0000000000000000        0.0000000000000000        0.0000000000000000     
 C1   1.3836208886462149      -0.67596611542300578       1.62187330513331104E-002
 O3  -1.0508447045614671      -0.91933945161300434      -0.19657122515311432     
   343.00000000000000        353.04500235961439     
 C2   0.0000000000000000        0.0000000000000000        0.0000000000000000     
 C1   1.4102746725756921      -0.61793895370758023      -2.96107646356179241E-002
 O3 -0.83506427766820368      -0.99656182653203340      -0.54555663777172625     
   343.00000000000000        207.44064083690733     
 C2   0.0000000000000000        0.0000000000000000        0.0000000000000000     
 C1   1.2827936518143481      -0.75901729043258803       0.38721208618686137     
 O3 -0.87235574009197769      -0.95664824887965272      -0.55849750008325350     
   343.00000000000000        1140.4108505189233     
 C2   0.0000000000000000        0.0000000000000000        0.0000000000000000     
 C1   1.3478058981752745      -0.38075957441880548       0.64034475662126866     
 O3 -0.87323170463911715      -0.89193624778053038      -0.65575604218598116     
   343.00000000000000        85.464350163600216     
 C2   0.0000000000000000        0.0000000000000000        0.0000000000000000     
 C1   1.2312614400399333      -0.73624896613016311       0.55993993083459892     
 O3 -0.78717918099920492      -0.73271126503815942      -0.91191173149750271     
   343.00000000000000        604.14565309342458     
 C2   0.0000000000000000        0.0000000000000000        0.0000000000000000     
 C1  0.91254393121499622       -1.0449483322120690       0.66854061702330081     
 O3 -0.70501584485468227      -0.77703006960153964      -0.94195371244771764     
   343.00000000000000        33.680555290709435     
 C2   0.0000000000000000        0.0000000000000000        0.0000000000000000     
 C1   1.2188564380132774      -0.82213671485824591       0.45834507262070057     
 O3 -0.45480689508163408      -0.47852013571980567       -1.2459008928691218     
   343.00000000000000        17.939947552845751     
 C2   0.0000000000000000        0.0000000000000000        0.0000000000000000     
 C1   1.1588047305643996      -0.81741920644045363       0.60049765808354905     
 O3 -0.36990846578177050      -0.52422167779896089       -1.2555712749277881     
   343.00000000000000        91.213237257217102     
 C2   0.0000000000000000        0.0000000000000000        0.0000000000000000     
 C1   1.0940308350932757       -1.0726017148407501       0.15563448584999148     
 O3  -1.2116188625464215      -0.64870827234574335      -0.31505106930002447     
   343.00000000000000        77.912174096669091     
 C2   0.0000000000000000        0.0000000000000000        0.0000000000000000     
 C1   1.0799665127476015       -1.0976379290063967      -2.15245940805390418E-002
 O3  -1.2350622313835837      -0.58042830800843626      -0.35471697284939752     
   343.00000000000000        4.6632652572375051     
 C2   0.0000000000000000        0.0000000000000000        0.0000000000000000     
 C1   1.0050085946289888       -1.1196925875842938       0.32839950370037296     
 O3  -1.3158684583935705      -0.50181495252603781      -6.90783655089776960E-002
   343.00000000000000        5.9409030392778277     
 C2   0.0000000000000000        0.0000000000000000        0.0000000000000000     
 C1  0.92780581903942960       -1.0679968950199936       0.60840693157147951     
 O3  -1.3146912565708211      -0.49069471835312206      -0.13749712808549358     
   343.00000000000000        17.012390245981805     
 C2   0.0000000000000000        0.0000000000000000        0.0000000000000000     
 C1  0.90981072228442239       -1.1987981809893462       0.32669155310924208     
 O3  -1.3381105856201967      -0.42266244337799769      -0.13753685529372880     
   343.00000000000000        6.7109988681810933     
 C2   0.0000000000000000        0.0000000000000000        0.0000000000000000     
 C1  0.78245526088789019       -1.1277453746552992       0.69825076774210537     
 O3  -1.3782205017638121      -0.29438131522646377      -4.41333968624333384E-002
   343.00000000000000        230.73882121280030     
 C2   0.0000000000000000        0.0000000000000000        0.0000000000000000     
 C1  0.86361549717058428       -1.0646134163412517       0.70168835446586297     
 O3  -1.3235903444696009      -0.34270841861478707      -0.34461486734116425     
   343.00000000000000        190.45420576169403     
 C2   0.0000000000000000        0.0000000000000000        0.0000000000000000     
 C1  0.54522382589030649       -1.3990381669835252       0.34208651976497306     
 O3  -1.3692195934010527      -0.16387002541520307      -0.29408193887460909     
   343.00000000000000        276.66550357179563     
 C2   0.0000000000000000        0.0000000000000000        0.0000000000000000     
 C1  0.77137966004595715       -1.2749541655817811       0.38867119231175895     
 O3  -1.3392804230742583      -0.12425244609278883      -0.42307108736613863     
   343.00000000000000        51.771360334007539     
 C2   0.0000000000000000        0.0000000000000000        0.0000000000000000     
 C1  0.84864338312182264       -1.2849897343404180      -1.43454147129461560E-002
 O3  -1.3185166605721375      -0.31212295297330883      -0.39011914202726983     
   343.00000000000000        750.31499419165550     
 C2   0.0000000000000000        0.0000000000000000        0.0000000000000000     
 C1  0.93078111127492147       -1.1620277205588869      -0.39362177219576588     
 O3  -1.2441789537533694       0.22814330853797241      -0.62295202765677782     
   343.00000000000000        216.27110032279768     
 C2   0.0000000000000000        0.0000000000000000        0.0000000000000000     
 C1  0.71875132674728237       -1.0849216469258520      -0.82337206069353197     
 O3  -1.3268487735369816       0.32221868817904598      -0.35177736724632291     
   343.00000000000000        11.550954116289290     
 C2   0.0000000000000000        0.0000000000000000        0.0000000000000000     
 C1  0.26230580825610722       -1.2031198037477751      -0.92482344303386954     
 O3  -1.3709084465906964       9.49944590826560659E-002  0.31573082010638170     
   343.00000000000000        104.53408911881284     
 C2   0.0000000000000000        0.0000000000000000        0.0000000000000000     
 C1  0.53384856514956025       -1.3221000279336506      -0.58194263087145770     
 O3  -1.3656651285045251       1.55937320645112149E-002  0.35045036633194010     
   343.00000000000000       0.48827145012512574     
 C2   0.0000000000000000        0.0000000000000000        0.0000000000000000     
 C1  0.66305771809807212       -1.3242927546381846      -0.42214116416594971     
 O3  -1.4072662415947796      -8.69110313755487862E-002  1.21681900097731222E-002
   343.00000000000000        362.35998799390768     
 C2   0.0000000000000000        0.0000000000000000        0.0000000000000000     
 C1   1.0146790679090978       -1.1120204474366044      -0.32471050742163499     
 O3  -1.3481281700479910      -0.33706396697518837       0.23882668662688525     
   343.00000000000000        26.632399058800402     
 C2   0.0000000000000000        0.0000000000000000        0.0000000000000000     
 C1   1.0551825274450721       -1.1161376383795560      -0.11147468756239533     
 O3  -1.3245642602241856      -0.43944512084375986      -0.20128927755482040     
   343.00000000000000       0.43371362862008195     
 C2   0.0000000000000000        0.0000000000000000        0.0000000000000000     
 C1   1.0471141488084907       -1.1280885021285585       5.06783063096251374E-002
 O3  -1.3065504924429439      -0.49084463244253268       0.20024291361900626     
   343.00000000000000        168.89636472989579     
 C2   0.0000000000000000        0.0000000000000000        0.0000000000000000     
 C1   1.0309819173315329       -1.1263014344401645      -0.20030318248450940     
 O3  -1.2708665888271531      -0.60995240869279777       3.09198882252686401E-002
   343.00000000000000       0.60104849484069689     
 C2   0.0000000000000000        0.0000000000000000        0.0000000000000000     
 C1  0.94421994594461300       -1.1382754419564329      -0.42939225880217924     
 O3  -1.3586274531769771      -0.35638105903800216      -0.12338497148342539     
   343.00000000000000        1.4855182082726948     
 C2   0.0000000000000000        0.0000000000000000        0.0000000000000000     
 C1  0.88762209735912712       -1.1005731588444805      -0.61029970859477189     
 O3  -1.3644485129644583      -0.35287226164594465      -4.31426631668294785E-002
   343.00000000000000        491.75093337718499     
 C2   0.0000000000000000        0.0000000000000000        0.0000000000000000     
 C1  0.80930403042719279      -0.82422142777284557       -1.0184723974337209     
 O3  -1.4098193270325035      -1.39733877044527256E-002 -1.77222040630434508E-002
   343.00000000000000       0.65891525772867254     
 C2   0.0000000000000000        0.0000000000000000        0.0000000000000000     
 C1  0.69657453936463909      -0.70893865305260273       -1.1763459938797343     
 O3  -1.3672179893742444      -0.33643287775014735       7.50183661204017332E-002
   343.00000000000000        156.40254448353045     
 C2   0.0000000000000000        0.0000000000000000        0.0000000000000000     
 C1  0.72747942143098165      -0.66381542222556789       -1.1839437387857294     
 O3  -1.3931419189542291      -0.19920356895047500       8.70252763574706906E-002
   343.00000000000000        20.067616836058860     
 C2   0.0000000000000000        0.0000000000000000        0.0000000000000000     
 C1  0.69789567062521785      -0.77488713040162360       -1.1331776418816739     
 O3  -1.3568145199947628      -0.37453465356194743       8.29338204099275833E-002
   343.00000000000000        22.852741797629569     
 C2   0.0000000000000000        0.0000000000000000        0.0000000000000000     
 C1  0.80208927207394654      -0.66059776623617783       -1.1366016852299909     
 O3  -1.3820361358616866      -0.17910221117821570      -0.21447233872633747     
   343.00000000000000        69.308493798502241     
 C2   0.0000000000000000        0.0000000000000000        0.0000000000000000     
 C1  0.75208167160612205      -0.68146485338818430       -1.1582654328049156     
 O3  -1.3492530912496452       0.16753052867788734      -0.37356322713746476     
   343.00000000000000       7.65612252865857101E-002
 C2   0.0000000000000000        0.0000000000000000        0.0000000000000000     
 C1  0.69325498294650545      -0.58561708746141905       -1.2442066369751617     
 O3  -1.3409858489778508       0.34905508158002252      -0.26080139919005269     
   343.00000000000000        24.114831047128629     
 C2   0.0000000000000000        0.0000000000000000        0.0000000000000000     
 C1  0.53237949350047786      -0.65046948278410954       -1.2903726310127412     
 O3  -1.3192209867717020       0.48624409698961030      -0.10640739240780397     
   343.00000000000000        122.12254053131187     
 C2   0.0000000000000000        0.0000000000000000        0.0000000000000000     
 C1  0.53663738238458358      -0.52758369213321421       -1.3436055104168430     
 O3  -1.2633683530950128       0.57740554478657846      -0.24208078858695664     
   343.00000000000000        10.561304918965391     
 C2   0.0000000000000000        0.0000000000000000        0.0000000000000000     
 C1  0.80146332202821102      -0.39158303269335393       -1.2553562330869183     
 O3  -1.3567083792608294       0.21160088334785065      -0.32041739460434382     
   343.00000000000000        299.69829864320235     
 C2   0.0000000000000000        0.0000000000000000        0.0000000000000000     
 C1  0.72087230401566371      -0.51161698542742928       -1.2610278274190843     
 O3  -1.3739348895058214      -0.17297170061932199      -0.26548743310872436     
   343.00000000000000        91.962200547986015     
 C2   0.0000000000000000        0.0000000000000000        0.0000000000000000     
 C1  0.86956074358047397      -0.72003080701948485       -1.0473871061678386     
 O3  -1.3528612177005910      -0.27569070293158371      -0.28611366432580088     
   343.00000000000000        2.4794803980880715     
 C2   0.0000000000000000        0.0000000000000000        0.0000000000000000     
 C1  0.79645564595071594      -0.72087812693211517       -1.1034460250252704     
 O3  -1.3867129126391085       1.64441275400527553E-002 -0.25466989524594591     
   343.00000000000000        22.538327752363671     
 C2   0.0000000000000000        0.0000000000000000        0.0000000000000000     
 C1  0.60031314018571580      -0.45640193473957841       -1.3427290894615829     
 O3  -1.4045528562244449       0.12290194606032109      -1.50416980927687953E-002
   343.00000000000000        154.27027131616180     
 C2   0.0000000000000000        0.0000000000000000        0.0000000000000000     
 C1  0.62536245835957638      -0.42608209781952527       -1.3412590508891922     
 O3  -1.3718692205566181       0.22486001043426976      -0.23561129928773003     
   343.00000000000000        862.23359844706340     
 C2   0.0000000000000000        0.0000000000000000        0.0000000000000000     
 C1  0.73174163995230923      -0.65020183045513991       -1.1888615361061559     
 O3  -1.1065689001773746       0.56868053714364575      -0.66348141103532399     
   343.00000000000000        13.013985420929146     
 C2   0.0000000000000000        0.0000000000000000        0.0000000000000000     
 C1  0.75596281114024633      -0.91706143059890299      -0.97934598619733337     
 O3  -1.2388305890549776       0.45263809413240519      -0.49851518965529540     
   343.00000000000000        151.66338253007524     
 C2   0.0000000000000000        0.0000000000000000        0.0000000000000000     
 C1  0.65249229065990522      -0.77773878843459487       -1.1580052623341897     
 O3  -1.2453988879801654       0.60711425227847948      -0.26171312816380382     
   343.00000000000000        70.512900771190118     
 C2   0.0000000000000000        0.0000000000000000        0.0000000000000000     
 C1  0.68029962767159402      -0.84275525332683354       -1.0947858236111356     
 O3  -1.0201643880047213       0.86311861531405398      -0.44987858839966555     
   343.00000000000000        210.06775312353730     
 C2   0.0000000000000000        0.0000000000000000        0.0000000000000000     
 C1  0.68029962767159402      -0.84275525332683354       -1.0947858236111356     
 O3 -0.94431560380933299       0.81423079259913966      -0.65832827961493900     
   343.00000000000000        1.4392496988475045     
 C2   0.0000000000000000        0.0000000000000000        0.0000000000000000     
 C1  0.68029962767159402      -0.84275525332683354       -1.0947858236111356     
 O3  -1.2373114919928203       0.51526227701717897      -0.43779552832429275     
   343.00000000000000        55.815722589492843     
 C2   0.0000000000000000        0.0000000000000000        0.0000000000000000     
 C1  0.67851268635705453      -0.90334144510960357       -1.0465155364349945     
 O3  -1.2991335576686216       0.32206767779862278      -0.44342336114806419     
   343.00000000000000        10.922646259464486     
 C2   0.0000000000000000        0.0000000000000000        0.0000000000000000     
 C1  0.65512493807825178      -0.95093944597274238       -1.0188844319161121     
 O3  -1.2744187838800618       0.45276008481501656      -0.39870407051739176     
   343.00000000000000        340.26157860926361     
 C2   0.0000000000000000        0.0000000000000000        0.0000000000000000     
 C1  0.56995748530929669       -1.0945893264948352      -0.92120718150885250     
 O3  -1.3542436448832977       0.11408363726481223      -0.37564470042422377     
   343.00000000000000        11.550220197791965     
 C2   0.0000000000000000        0.0000000000000000        0.0000000000000000     
 C1  0.55191698063012040      -0.79558861893463095       -1.1975084116254950     
 O3  -1.4028173586982058       0.14052992952795709      -2.13228515220264050E-002
   343.00000000000000        23.259123893683313     
 C2   0.0000000000000000        0.0000000000000000        0.0000000000000000     
 C1  0.47083162085518393       -1.0259431449169951       -1.0475486853605920     
 O3  -1.3183525714000681       0.45792538624339735      -0.20087484927645252     
   343.00000000000000        73.040725266626623     
 C2   0.0000000000000000        0.0000000000000000        0.0000000000000000     
 C1  0.25042405009195862      -0.93225429389243863       -1.1999123829074556     
 O3  -1.3300584172867789       0.46408949345987455      -6.05426760221195598E-002
   343.00000000000000        2.7358224351273179     
 C2   0.0000000000000000        0.0000000000000000        0.0000000000000000     
 C1  0.25488247290621002      -0.72362051504109237       -1.3352933292789555     
 O3  -1.2537005100747041       0.64523361286295267       2.91252904216693495E-003
   343.00000000000000        155.57731547612508     
 C2   0.0000000000000000        0.0000000000000000        0.0000000000000000     
 C1  0.18282277387242549      -0.56116608346289076       -1.4224164158658004     
 O3  -1.3144359086406980       0.32231463930429161       0.39556463734922037     
   343.00000000000000        1.4665779549746958     
 C2   0.0000000000000000        0.0000000000000000        0.0000000000000000     
 C1  0.34592653270354123      -0.68485442112098183       -1.3352562510030606     
 O3  -1.2939770799356305       0.55952130404948608      -2.56728235921506592E-002
   343.00000000000000        19.500661911049178     
 C2   0.0000000000000000        0.0000000000000000        0.0000000000000000     
 C1  0.28193469755890049      -0.43814655838361988       -1.4491861232046619     
 O3 -0.88558107714205503        1.0925552753586993       0.10084142526246624     
   343.00000000000000        51.768625383525574     
 C2   0.0000000000000000        0.0000000000000000        0.0000000000000000     
 C1  0.28193469755890049      -0.43814655838361988       -1.4491861232046619     
 O3 -0.60602748945510165        1.2665805808316946       0.12885721260358099     
   343.00000000000000       0.12559988144427336     
 C2   0.0000000000000000        0.0000000000000000        0.0000000000000000     
 C1  0.42152076985802828      -0.62213984480271156       -1.3441957647928930     
 O3 -0.67095770042684311        1.2284000445419760      -0.17014394424241108     
   343.00000000000000        162.48472430162198     
 C2   0.0000000000000000        0.0000000000000000        0.0000000000000000     
 C1  0.42152076985802828      -0.62213984480271156       -1.3441957647928930     
 O3 -0.84137591678357870        1.1302430777855648      -5.23165244409164593E-002
   343.00000000000000        44.561460576363750     
 C2   0.0000000000000000        0.0000000000000000        0.0000000000000000     
 C1  0.42152076985802828      -0.62213984480271156       -1.3441957647928930     
 O3 -0.99648852870221960       0.97144469489773988      -0.22672821587771910     
   343.00000000000000        2.2331862846339803     
 C2   0.0000000000000000        0.0000000000000000        0.0000000000000000     
 C1  0.26306588963144650      -0.64858066777106638       -1.3717650874351812     
 O3  -1.0278769311222864       0.96413512619365449      -4.48591112411709167E-002
   343.00000000000000        49.653430958812457     
 C2   0.0000000000000000        0.0000000000000000        0.0000000000000000     
 C1  0.30601956580421713      -0.49909787420207991       -1.4243782283199784     
 O3  -1.2899388149907902       0.54277177645392882       0.17192009545243489     
   343.00000000000000        10.940173107261444     
 C2   0.0000000000000000        0.0000000000000000        0.0000000000000000     
 C1  0.30601956580421713      -0.49909787420207991       -1.4243782283199784     
 O3  -1.2262536361410177       0.69527584877148241       3.15179460180868148E-002
   343.00000000000000        255.99303141303056     
 C2   0.0000000000000000        0.0000000000000000        0.0000000000000000     
 C1  0.39591689155205761      -0.64293757152034237       -1.3421926441875913     
 O3 -0.98824640677521836        1.0057041233691262      -5.30308300700726553E-003
   343.00000000000000       0.26303820300418929     
 C2   0.0000000000000000        0.0000000000000000        0.0000000000000000     
 C1  0.32987789238281257      -0.81033246968913020       -1.2673365238501515     
 O3 -0.90271947762727378        1.0515131565255198      -0.25984128486684355     
   343.00000000000000        7.6458717834889285     
 C2   0.0000000000000000        0.0000000000000000        0.0000000000000000     
 C1  0.18678058520835902      -0.93499143701673038       -1.2093403266635119     
 O3 -0.43345531434221402        1.2765090698324695      -0.41320812196653156     
   343.00000000000000        251.79306222212227     
 C2   0.0000000000000000        0.0000000000000000        0.0000000000000000     
 C1  0.18256218350748690      -0.92350988367315334       -1.2187700947721745     
 O3 -0.17497246177992484        1.3804146687655621      -0.22790315230533292     
   343.00000000000000       0.63086805909231636     
 C2   0.0000000000000000        0.0000000000000000        0.0000000000000000     
 C1  0.14831518330760970      -0.86158565680690657       -1.2677826163759458     
 O3 -0.42636500482122247        1.3120579781971988      -0.29123291618230585     
   343.00000000000000        1.5208491607743326     
 C2   0.0000000000000000        0.0000000000000000        0.0000000000000000     
 C1  0.29583260361502595      -0.98787248981019848       -1.1437617822407562     
 O3 -0.12477386567095478        1.3290584354303885      -0.45402095173243628     
   343.00000000000000        117.77156731883105     
 C2   0.0000000000000000        0.0000000000000000        0.0000000000000000     
 C1  0.29583260361502595      -0.98787248981019848       -1.1437617822407562     
 O3  0.35352087238305985        1.2901544963092411      -0.44567278960885925     
   343.00000000000000       1.97728395704643845E-003
 C2   0.0000000000000000        0.0000000000000000        0.0000000000000000     
 C1  0.29583260361502595      -0.98787248981019848       -1.1437617822407562     
 O3  0.34378740186547851        1.3237997849281473      -0.34273053365282291     
   343.00000000000000        274.86570071252697     
 C2   0.0000000000000000        0.0000000000000000        0.0000000000000000     
 C1  0.29583260361502595      -0.98787248981019848       -1.1437617822407562     
 O3  0.11814940919737525        1.2831051109161251      -0.57252236498009701     
   343.00000000000000        1.4694256050473200     
 C2   0.0000000000000000        0.0000000000000000        0.0000000000000000     
 C1  0.19653811473793073       -1.1085645091834133       -1.0507414041685967     
 O3  0.32358867772911815        1.2786852233970736      -0.49835161689982593     
   343.00000000000000        27.453724563502043     
 C2   0.0000000000000000        0.0000000000000000        0.0000000000000000     
 C1  0.29845236296315825       -1.1631573459808460      -0.96415308718714310     
 O3  0.34024001058741937        1.2703491124805091      -0.50847786045277221     
   343.00000000000000        51.953091367232012     
 C2   0.0000000000000000        0.0000000000000000        0.0000000000000000     
 C1  0.22610927750099707       -1.1179369653404052       -1.0347422559040778     
 O3  0.17576241834567066        1.3089795620962565      -0.49374076727240845     
   343.00000000000000        205.42120880617711     
 C2   0.0000000000000000        0.0000000000000000        0.0000000000000000     
 C1  0.55691178299585520       -1.2342633204530420      -0.73351436369344936     
 O3  0.36221283672014742        1.2716565807622242      -0.48968486649522325     
   343.00000000000000        876.18768445564410     
 C2   0.0000000000000000        0.0000000000000000        0.0000000000000000     
 C1  0.78104984651956511       -1.3236493833221736      -9.75369021580571316E-002
 O3  0.45036804130136021        1.2172298395663745      -0.55101725199740037     
   343.00000000000000        86.396984644198710     
 C2   0.0000000000000000        0.0000000000000000        0.0000000000000000     
 C1  0.40681477431447943       -1.4519641210424041      -0.31289284204822471     
 O3  0.15817481218592189       0.92014295406768087       -1.0566066154556875     
