         100
   343.150000000000        131.898736973417     
 O3  0.000000000000000E+000  0.000000000000000E+000  0.000000000000000E+000
 C4   1.41000000000000       0.000000000000000E+000  0.000000000000000E+000
 C2 -0.432140407605075       -1.11317870657135      -0.749791855757759     
   343.150000000000       0.231356539360604     
 O3  0.000000000000000E+000  0.000000000000000E+000  0.000000000000000E+000
 C4   1.41000000000000       0.000000000000000E+000  0.000000000000000E+000
 C2 -0.532161161233708      -0.868077677089212      -0.975369487232099     
   343.150000000000        403.541190054382     
 O3  0.000000000000000E+000  0.000000000000000E+000  0.000000000000000E+000
 C4   1.41000000000000       0.000000000000000E+000  0.000000000000000E+000
 C2 -0.358667533491725      -0.821553634961132       -1.08835068654856     
   343.150000000000        2.75844244902601     
 O3  0.000000000000000E+000  0.000000000000000E+000  0.000000000000000E+000
 C4   1.41000000000000       0.000000000000000E+000  0.000000000000000E+000
 C2 -0.514464150357823      -0.976328883122214      -0.877615258292353     
   343.150000000000        52.3090615494597     
 O3  0.000000000000000E+000  0.000000000000000E+000  0.000000000000000E+000
 C4   1.41000000000000       0.000000000000000E+000  0.000000000000000E+000
 C2 -0.587294033504588      -0.744641166304514       -1.04340559863563     
   343.150000000000        36.9705074639592     
 O3  0.000000000000000E+000  0.000000000000000E+000  0.000000000000000E+000
 C4   1.41000000000000       0.000000000000000E+000  0.000000000000000E+000
 C2 -0.477654839183498      -0.985152632487331      -0.888493183382679     
   343.150000000000        172.467268495028     
 O3  0.000000000000000E+000  0.000000000000000E+000  0.000000000000000E+000
 C4   1.41000000000000       0.000000000000000E+000  0.000000000000000E+000
 C2 -0.418159201007953       -1.00482334459056      -0.896422289095850     
   343.150000000000        24.6174436926124     
 O3  0.000000000000000E+000  0.000000000000000E+000  0.000000000000000E+000
 C4   1.41000000000000       0.000000000000000E+000  0.000000000000000E+000
 C2 -0.487008947769666       -1.17446542344994      -0.609551675842554     
   343.150000000000        677.722699860311     
 O3  0.000000000000000E+000  0.000000000000000E+000  0.000000000000000E+000
 C4   1.41000000000000       0.000000000000000E+000  0.000000000000000E+000
 C2 -0.307269861724185       -1.14304788330358      -0.766241972330423     
   343.150000000000        630.358384027481     
 O3  0.000000000000000E+000  0.000000000000000E+000  0.000000000000000E+000
 C4   1.41000000000000       0.000000000000000E+000  0.000000000000000E+000
 C2 -0.727850738752938       -1.18077446754791      -0.253189554471270     
   343.150000000000        203.018113618823     
 O3  0.000000000000000E+000  0.000000000000000E+000  0.000000000000000E+000
 C4   1.41000000000000       0.000000000000000E+000  0.000000000000000E+000
 C2 -0.408667367025743       -1.32016905627743      -0.279722429535828     
   343.150000000000        294.277629613302     
 O3  0.000000000000000E+000  0.000000000000000E+000  0.000000000000000E+000
 C4   1.41000000000000       0.000000000000000E+000  0.000000000000000E+000
 C2 -0.666355032458466       -1.24121234115117      -5.884629555831195E-002
   343.150000000000        122.202500201621     
 O3  0.000000000000000E+000  0.000000000000000E+000  0.000000000000000E+000
 C4   1.41000000000000       0.000000000000000E+000  0.000000000000000E+000
 C2 -0.618038530922235       -1.26688568951174      -3.360082760073122E-002
   343.150000000000       7.885940123043556E-002
 O3  0.000000000000000E+000  0.000000000000000E+000  0.000000000000000E+000
 C4   1.41000000000000       0.000000000000000E+000  0.000000000000000E+000
 C2 -0.530511277530575       -1.21081177597113      -0.490502415072674     
   343.150000000000        16.2865372012126     
 O3  0.000000000000000E+000  0.000000000000000E+000  0.000000000000000E+000
 C4   1.41000000000000       0.000000000000000E+000  0.000000000000000E+000
 C2 -0.561315371283528      -0.784404372952633       -1.02846235967256     
   343.150000000000        76.2062537841091     
 O3  0.000000000000000E+000  0.000000000000000E+000  0.000000000000000E+000
 C4   1.41000000000000       0.000000000000000E+000  0.000000000000000E+000
 C2 -0.455409350683344       -1.03402180718987      -0.843505315440029     
   343.150000000000        33.3820949256631     
 O3  0.000000000000000E+000  0.000000000000000E+000  0.000000000000000E+000
 C4   1.41000000000000       0.000000000000000E+000  0.000000000000000E+000
 C2 -0.480187446751966       -1.18536100006634      -0.593665989520355     
   343.150000000000        296.177636177103     
 O3  0.000000000000000E+000  0.000000000000000E+000  0.000000000000000E+000
 C4   1.41000000000000       0.000000000000000E+000  0.000000000000000E+000
 C2 -0.383377904442446       -1.02808738727158      -0.885526791310135     
   343.150000000000        328.062996439783     
 O3  0.000000000000000E+000  0.000000000000000E+000  0.000000000000000E+000
 C4   1.41000000000000       0.000000000000000E+000  0.000000000000000E+000
 C2 -0.673855102937848       -1.00560243944519      -0.723037361162008     
   343.150000000000        272.062669608739     
 O3  0.000000000000000E+000  0.000000000000000E+000  0.000000000000000E+000
 C4   1.41000000000000       0.000000000000000E+000  0.000000000000000E+000
 C2 -0.389500637047648       -1.33700538367503      -0.220920459380909     
   343.150000000000        158.379496497709     
 O3  0.000000000000000E+000  0.000000000000000E+000  0.000000000000000E+000
 C4   1.41000000000000       0.000000000000000E+000  0.000000000000000E+000
 C2 -0.422811691670565       -1.19843538790057       0.610805112964770     
   343.150000000000       0.279225905956643     
 O3  0.000000000000000E+000  0.000000000000000E+000  0.000000000000000E+000
 C4   1.41000000000000       0.000000000000000E+000  0.000000000000000E+000
 C2 -0.523832813291686       -1.09804691417130       0.712735680043741     
   343.150000000000        36.4286615357637     
 O3  0.000000000000000E+000  0.000000000000000E+000  0.000000000000000E+000
 C4   1.41000000000000       0.000000000000000E+000  0.000000000000000E+000
 C2 -0.577595158780620       -1.21537298629853       0.421132198173699     
   343.150000000000        60.4399956740897     
 O3  0.000000000000000E+000  0.000000000000000E+000  0.000000000000000E+000
 C4   1.41000000000000       0.000000000000000E+000  0.000000000000000E+000
 C2 -0.591673621199079       -1.11390605051673       0.630266315305688     
   343.150000000000        202.514836933927     
 O3  0.000000000000000E+000  0.000000000000000E+000  0.000000000000000E+000
 C4   1.41000000000000       0.000000000000000E+000  0.000000000000000E+000
 C2 -0.408817860095471       -1.00650597123496       0.898840185319365     
   343.150000000000        11.1078560907378     
 O3  0.000000000000000E+000  0.000000000000000E+000  0.000000000000000E+000
 C4   1.41000000000000       0.000000000000000E+000  0.000000000000000E+000
 C2 -0.500583879148303       -1.27168199100460       0.346901549868295     
   343.150000000000        1136.51271757606     
 O3  0.000000000000000E+000  0.000000000000000E+000  0.000000000000000E+000
 C4   1.41000000000000       0.000000000000000E+000  0.000000000000000E+000
 C2 -0.240247917350921       -1.35489928894239       0.307618020671052     
   343.150000000000        2.89814802423473     
 O3  0.000000000000000E+000  0.000000000000000E+000  0.000000000000000E+000
 C4   1.41000000000000       0.000000000000000E+000  0.000000000000000E+000
 C2 -0.514119996703802       -1.30008084503801       0.183222315682767     
   343.150000000000        256.537406250360     
 O3  0.000000000000000E+000  0.000000000000000E+000  0.000000000000000E+000
 C4   1.41000000000000       0.000000000000000E+000  0.000000000000000E+000
 C2 -0.657416087865909       -1.24315169666836       0.102361799980697     
   343.150000000000        7.92696465782000     
 O3  0.000000000000000E+000  0.000000000000000E+000  0.000000000000000E+000
 C4   1.41000000000000       0.000000000000000E+000  0.000000000000000E+000
 C2 -0.504884835520828       -1.31626012244197       2.550655876005899E-002
   343.150000000000        51.7675108119127     
 O3  0.000000000000000E+000  0.000000000000000E+000  0.000000000000000E+000
 C4   1.41000000000000       0.000000000000000E+000  0.000000000000000E+000
 C2 -0.468311454441038       -1.32982070080148       1.900728725521850E-002
   343.150000000000        537.157564313571     
 O3  0.000000000000000E+000  0.000000000000000E+000  0.000000000000000E+000
 C4   1.41000000000000       0.000000000000000E+000  0.000000000000000E+000
 C2 -0.332024747866721       -1.20925993085934      -0.644631660742562     
   343.150000000000        29.3802374317110     
 O3  0.000000000000000E+000  0.000000000000000E+000  0.000000000000000E+000
 C4   1.41000000000000       0.000000000000000E+000  0.000000000000000E+000
 C2 -0.483176059692057      -0.511099708445122       -1.22205481668270     
   343.150000000000       6.220839321852623E-002
 O3  0.000000000000000E+000  0.000000000000000E+000  0.000000000000000E+000
 C4   1.41000000000000       0.000000000000000E+000  0.000000000000000E+000
 C2 -0.526136910894108      -0.854149704166999      -0.990811902167032     
   343.150000000000        5.34884022127818     
 O3  0.000000000000000E+000  0.000000000000000E+000  0.000000000000000E+000
 C4   1.41000000000000       0.000000000000000E+000  0.000000000000000E+000
 C2 -0.547219047010300      -0.962424712761232      -0.873149459408421     
   343.150000000000        150.042107003322     
 O3  0.000000000000000E+000  0.000000000000000E+000  0.000000000000000E+000
 C4   1.41000000000000       0.000000000000000E+000  0.000000000000000E+000
 C2 -0.627575370573542       -1.08162887542853      -0.651404729563968     
   343.150000000000        76.2122717532997     
 O3  0.000000000000000E+000  0.000000000000000E+000  0.000000000000000E+000
 C4   1.41000000000000       0.000000000000000E+000  0.000000000000000E+000
 C2 -0.599381385079165      -0.551820043610392       -1.15079823874562     
   343.150000000000        151.298134035595     
 O3  0.000000000000000E+000  0.000000000000000E+000  0.000000000000000E+000
 C4   1.41000000000000       0.000000000000000E+000  0.000000000000000E+000
 C2 -0.627983012454246      -0.732599185414234       -1.02812244465769     
   343.150000000000        388.869989146513     
 O3  0.000000000000000E+000  0.000000000000000E+000  0.000000000000000E+000
 C4   1.41000000000000       0.000000000000000E+000  0.000000000000000E+000
 C2 -0.361838072200900      -0.352902987057621       -1.31629505918748     
   343.150000000000        364.063416375816     
 O3  0.000000000000000E+000  0.000000000000000E+000  0.000000000000000E+000
 C4   1.41000000000000       0.000000000000000E+000  0.000000000000000E+000
 C2 -0.681408051356177      -0.332021421326013       -1.18892591650500     
   343.150000000000        263.099153716623     
 O3  0.000000000000000E+000  0.000000000000000E+000  0.000000000000000E+000
 C4   1.41000000000000       0.000000000000000E+000  0.000000000000000E+000
 C2 -0.659017808492705      -0.377174752296148       -1.18808026914406     
   343.150000000000        141.660020073919     
 O3  0.000000000000000E+000  0.000000000000000E+000  0.000000000000000E+000
 C4   1.41000000000000       0.000000000000000E+000  0.000000000000000E+000
 C2 -0.624808394065750      -0.286777423411517       -1.23104556038193     
   343.150000000000        7.17602543976605     
 O3  0.000000000000000E+000  0.000000000000000E+000  0.000000000000000E+000
 C4   1.41000000000000       0.000000000000000E+000  0.000000000000000E+000
 C2 -0.550219475109005      -0.431162273802923       -1.22452342340581     
   343.150000000000       0.136284429916969     
 O3  0.000000000000000E+000  0.000000000000000E+000  0.000000000000000E+000
 C4   1.41000000000000       0.000000000000000E+000  0.000000000000000E+000
 C2 -0.525148163819161      -0.958034193758477      -0.891341618705493     
   343.150000000000       0.670590904570531     
 O3  0.000000000000000E+000  0.000000000000000E+000  0.000000000000000E+000
 C4   1.41000000000000       0.000000000000000E+000  0.000000000000000E+000
 C2 -0.534944264570991      -0.716615776315537       -1.09013597984284     
   343.150000000000        3.34092309847128     
 O3  0.000000000000000E+000  0.000000000000000E+000  0.000000000000000E+000
 C4   1.41000000000000       0.000000000000000E+000  0.000000000000000E+000
 C2 -0.513080628153879       -1.17621543629820      -0.584264929665194     
   343.150000000000        16.0349578830792     
 O3  0.000000000000000E+000  0.000000000000000E+000  0.000000000000000E+000
 C4   1.41000000000000       0.000000000000000E+000  0.000000000000000E+000
 C2 -0.494993361283607       -1.28795966374556      -0.290243808649208     
   343.150000000000        2.42060158450454     
 O3  0.000000000000000E+000  0.000000000000000E+000  0.000000000000000E+000
 C4   1.41000000000000       0.000000000000000E+000  0.000000000000000E+000
 C2 -0.541005515352100       -1.29550297466595      -0.130709856552194     
   343.150000000000       2.822684869681780E-002
 O3  0.000000000000000E+000  0.000000000000000E+000  0.000000000000000E+000
 C4   1.41000000000000       0.000000000000000E+000  0.000000000000000E+000
 C2 -0.526808896428823       -1.30619576549897       6.652067682781083E-002
   343.150000000000        79.7450993989476     
 O3  0.000000000000000E+000  0.000000000000000E+000  0.000000000000000E+000
 C4   1.41000000000000       0.000000000000000E+000  0.000000000000000E+000
 C2 -0.600992112846395       -1.26747769089905      -0.142859283839973     
   343.150000000000        923.738080869225     
 O3  0.000000000000000E+000  0.000000000000000E+000  0.000000000000000E+000
 C4   1.41000000000000       0.000000000000000E+000  0.000000000000000E+000
 C2 -0.767723435038847       -1.17839897997929      -0.100382084484926     
   343.150000000000        740.029022566050     
 O3  0.000000000000000E+000  0.000000000000000E+000  0.000000000000000E+000
 C4   1.41000000000000       0.000000000000000E+000  0.000000000000000E+000
 C2 -0.297097798287416       -1.35789797772396       0.236529008697831     
   343.150000000000        311.422548266976     
 O3  0.000000000000000E+000  0.000000000000000E+000  0.000000000000000E+000
 C4   1.41000000000000       0.000000000000000E+000  0.000000000000000E+000
 C2 -0.670215012248239       -1.08092316982959      -0.608701018474801     
   343.150000000000        61.7272037857753     
 O3  0.000000000000000E+000  0.000000000000000E+000  0.000000000000000E+000
 C4   1.41000000000000       0.000000000000000E+000  0.000000000000000E+000
 C2 -0.462753730674690      -0.879000239589028       -1.00065856072824     
   343.150000000000        38.3484034454563     
 O3  0.000000000000000E+000  0.000000000000000E+000  0.000000000000000E+000
 C4   1.41000000000000       0.000000000000000E+000  0.000000000000000E+000
 C2 -0.476714787376580      -0.646607220312058       -1.15876749425691     
   343.150000000000        254.249708076418     
 O3  0.000000000000000E+000  0.000000000000000E+000  0.000000000000000E+000
 C4   1.41000000000000       0.000000000000000E+000  0.000000000000000E+000
 C2 -0.656852596679074      -0.576694595359340       -1.10637606695414     
   343.150000000000        204.692775788877     
 O3  0.000000000000000E+000  0.000000000000000E+000  0.000000000000000E+000
 C4   1.41000000000000       0.000000000000000E+000  0.000000000000000E+000
 C2 -0.643919799280892      -0.348256451182086       -1.20506627532005     
   343.150000000000        2.32078049859301     
 O3  0.000000000000000E+000  0.000000000000000E+000  0.000000000000000E+000
 C4   1.41000000000000       0.000000000000000E+000  0.000000000000000E+000
 C2 -0.540739127581245      -0.710606440118647       -1.09121018817375     
   343.150000000000        522.466320733617     
 O3  0.000000000000000E+000  0.000000000000000E+000  0.000000000000000E+000
 C4   1.41000000000000       0.000000000000000E+000  0.000000000000000E+000
 C2 -0.334783944204441      -0.625883356662244       -1.21831429695532     
   343.150000000000        108.905019157956     
 O3  0.000000000000000E+000  0.000000000000000E+000  0.000000000000000E+000
 C4   1.41000000000000       0.000000000000000E+000  0.000000000000000E+000
 C2 -0.613085069118274       -1.07657485707257      -0.673211160597497     
   343.150000000000        157.441771737023     
 O3  0.000000000000000E+000  0.000000000000000E+000  0.000000000000000E+000
 C4   1.41000000000000       0.000000000000000E+000  0.000000000000000E+000
 C2 -0.629952052400062       -1.04926023700915      -0.700223791596702     
   343.150000000000        23.0549856818833     
 O3  0.000000000000000E+000  0.000000000000000E+000  0.000000000000000E+000
 C4   1.41000000000000       0.000000000000000E+000  0.000000000000000E+000
 C2 -0.567560573710589      -0.829069037473684      -0.989251999179878     
   343.150000000000        232.295211410252     
 O3  0.000000000000000E+000  0.000000000000000E+000  0.000000000000000E+000
 C4   1.41000000000000       0.000000000000000E+000  0.000000000000000E+000
 C2 -0.400204607672295      -0.483470988902870       -1.26261318957817     
   343.150000000000        148.625373171714     
 O3  0.000000000000000E+000  0.000000000000000E+000  0.000000000000000E+000
 C4   1.41000000000000       0.000000000000000E+000  0.000000000000000E+000
 C2 -0.426152284057010      -0.922448626147626      -0.977539131964019     
   343.150000000000        49.5563850256032     
 O3  0.000000000000000E+000  0.000000000000000E+000  0.000000000000000E+000
 C4   1.41000000000000       0.000000000000000E+000  0.000000000000000E+000
 C2 -0.585733367862535       -1.16271232505973      -0.541402311166326     
   343.150000000000        352.931068853373     
 O3  0.000000000000000E+000  0.000000000000000E+000  0.000000000000000E+000
 C4   1.41000000000000       0.000000000000000E+000  0.000000000000000E+000
 C2 -0.369858490128266      -0.899335659486102       -1.02102892244361     
   343.150000000000        136.682616258973     
 O3  0.000000000000000E+000  0.000000000000000E+000  0.000000000000000E+000
 C4   1.41000000000000       0.000000000000000E+000  0.000000000000000E+000
 C2 -0.623124995708662       -1.17132952908731      -0.477286460755809     
   343.150000000000        22.3535553795962     
 O3  0.000000000000000E+000  0.000000000000000E+000  0.000000000000000E+000
 C4   1.41000000000000       0.000000000000000E+000  0.000000000000000E+000
 C2 -0.488959447669177       -1.04063707641838      -0.816145284448837     
   343.150000000000        314.427787128874     
 O3  0.000000000000000E+000  0.000000000000000E+000  0.000000000000000E+000
 C4   1.41000000000000       0.000000000000000E+000  0.000000000000000E+000
 C2 -0.670879907377667      -0.516142320579407       -1.12766007572914     
   343.150000000000        152.708881754747     
 O3  0.000000000000000E+000  0.000000000000000E+000  0.000000000000000E+000
 C4   1.41000000000000       0.000000000000000E+000  0.000000000000000E+000
 C2 -0.628438778824619      -0.832167783733754      -0.949031860684715     
   343.150000000000        261.430670744290     
 O3  0.000000000000000E+000  0.000000000000000E+000  0.000000000000000E+000
 C4   1.41000000000000       0.000000000000000E+000  0.000000000000000E+000
 C2 -0.658612546689791      -0.738459306864181       -1.00449358238770     
   343.150000000000        1.21078330873890     
 O3  0.000000000000000E+000  0.000000000000000E+000  0.000000000000000E+000
 C4   1.41000000000000       0.000000000000000E+000  0.000000000000000E+000
 C2 -0.519104483438652      -0.619055291261741       -1.15559554916257     
   343.150000000000        241.928609675078     
 O3  0.000000000000000E+000  0.000000000000000E+000  0.000000000000000E+000
 C4   1.41000000000000       0.000000000000000E+000  0.000000000000000E+000
 C2 -0.397534790354818      -0.476672103524852       -1.26603704044880     
   343.150000000000        20.7397271069343     
 O3  0.000000000000000E+000  0.000000000000000E+000  0.000000000000000E+000
 C4   1.41000000000000       0.000000000000000E+000  0.000000000000000E+000
 C2 -0.565544121696189      -0.697024873278511       -1.08738961005501     
   343.150000000000        1.66585023997693     
 O3  0.000000000000000E+000  0.000000000000000E+000  0.000000000000000E+000
 C4   1.41000000000000       0.000000000000000E+000  0.000000000000000E+000
 C2 -0.538826002627989      -0.320241011640791       -1.26301711190500     
   343.150000000000        1.66585023997693     
 O3  0.000000000000000E+000  0.000000000000000E+000  0.000000000000000E+000
 C4   1.41000000000000       0.000000000000000E+000  0.000000000000000E+000
 C2 -0.538826002627989      -0.320241011640791       -1.26301711190500     
   343.150000000000        1.35137909666728     
 O3  0.000000000000000E+000  0.000000000000000E+000  0.000000000000000E+000
 C4   1.41000000000000       0.000000000000000E+000  0.000000000000000E+000
 C2 -0.537771750384881      -0.405919471184376       -1.23860038713501     
   343.150000000000        19.3282351025772     
 O3  0.000000000000000E+000  0.000000000000000E+000  0.000000000000000E+000
 C4   1.41000000000000       0.000000000000000E+000  0.000000000000000E+000
 C2 -0.491725610893164      -0.373087221385513       -1.26771914888125     
   343.150000000000        392.576987665066     
 O3  0.000000000000000E+000  0.000000000000000E+000  0.000000000000000E+000
 C4   1.41000000000000       0.000000000000000E+000  0.000000000000000E+000
 C2 -0.687111706844366      -0.659651598515067       -1.03963323460899     
   343.150000000000        32.2364439071517     
 O3  0.000000000000000E+000  0.000000000000000E+000  0.000000000000000E+000
 C4   1.41000000000000       0.000000000000000E+000  0.000000000000000E+000
 C2 -0.481024051408820      -0.370464714591671       -1.27258467255361     
   343.150000000000        299.716682106074     
 O3  0.000000000000000E+000  0.000000000000000E+000  0.000000000000000E+000
 C4   1.41000000000000       0.000000000000000E+000  0.000000000000000E+000
 C2 -0.382499997355647      -0.352301060830692       -1.31060203958720     
   343.150000000000        5.68469191962669     
 O3  0.000000000000000E+000  0.000000000000000E+000  0.000000000000000E+000
 C4   1.41000000000000       0.000000000000000E+000  0.000000000000000E+000
 C2 -0.508465647731165      -0.738897464306110       -1.08793070272373     
   343.150000000000        306.490124174665     
 O3  0.000000000000000E+000  0.000000000000000E+000  0.000000000000000E+000
 C4   1.41000000000000       0.000000000000000E+000  0.000000000000000E+000
 C2 -0.380833650130783      -0.871469752621468       -1.04096406893012     
   343.150000000000       9.125377461816697E-002
 O3  0.000000000000000E+000  0.000000000000000E+000  0.000000000000000E+000
 C4   1.41000000000000       0.000000000000000E+000  0.000000000000000E+000
 C2 -0.525702098929422      -0.800648951323983       -1.03474564581574     
   343.150000000000        8.38259028438712     
 O3  0.000000000000000E+000  0.000000000000000E+000  0.000000000000000E+000
 C4   1.41000000000000       0.000000000000000E+000  0.000000000000000E+000
 C2 -0.551992345055928       -1.06717359508849      -0.737932897054457     
   343.150000000000       0.454100096675688     
 O3  0.000000000000000E+000  0.000000000000000E+000  0.000000000000000E+000
 C4   1.41000000000000       0.000000000000000E+000  0.000000000000000E+000
 C2 -0.522630982153456      -0.873833381313042      -0.975383037481147     
   343.150000000000        55.2997927148738     
 O3  0.000000000000000E+000  0.000000000000000E+000  0.000000000000000E+000
 C4   1.41000000000000       0.000000000000000E+000  0.000000000000000E+000
 C2 -0.588942858991253       -1.18352209531979      -0.490430168671020     
   343.150000000000        190.483470757045     
 O3  0.000000000000000E+000  0.000000000000000E+000  0.000000000000000E+000
 C4   1.41000000000000       0.000000000000000E+000  0.000000000000000E+000
 C2 -0.412471343128911       -1.20022434050344      -0.614352435634581     
   343.150000000000        32.0211973439969     
 O3  0.000000000000000E+000  0.000000000000000E+000  0.000000000000000E+000
 C4   1.41000000000000       0.000000000000000E+000  0.000000000000000E+000
 C2 -0.481182862179930       -1.31263247598715      -0.183191232699030     
   343.150000000000        293.135046423662     
 O3  0.000000000000000E+000  0.000000000000000E+000  0.000000000000000E+000
 C4   1.41000000000000       0.000000000000000E+000  0.000000000000000E+000
 C2 -0.384136731863645       -1.27791949382317      -0.455478572656796     
   343.150000000000        22.3773322745030     
 O3  0.000000000000000E+000  0.000000000000000E+000  0.000000000000000E+000
 C4   1.41000000000000       0.000000000000000E+000  0.000000000000000E+000
 C2 -0.566981440446390       -1.26607259577303      -0.252373176133095     
   343.150000000000        40.5057018840997     
 O3  0.000000000000000E+000  0.000000000000000E+000  0.000000000000000E+000
 C4   1.41000000000000       0.000000000000000E+000  0.000000000000000E+000
 C2 -0.475275830716941       -1.15658676922291      -0.651551933159938     
   343.150000000000       0.266958181063600     
 O3  0.000000000000000E+000  0.000000000000000E+000  0.000000000000000E+000
 C4   1.41000000000000       0.000000000000000E+000  0.000000000000000E+000
 C2 -0.523929785424761       -1.09007310910937      -0.724802171872452     
   343.150000000000        218.665983036056     
 O3  0.000000000000000E+000  0.000000000000000E+000  0.000000000000000E+000
 C4   1.41000000000000       0.000000000000000E+000  0.000000000000000E+000
 C2 -0.404075501528055       -1.22364668629090      -0.572286438598520     
   343.150000000000        131.318510862333     
 O3  0.000000000000000E+000  0.000000000000000E+000  0.000000000000000E+000
 C4   1.41000000000000       0.000000000000000E+000  0.000000000000000E+000
 C2 -0.621274849315504      -0.968944625986911      -0.814410133156938     
   343.150000000000        3.18961105568292     
 O3  0.000000000000000E+000  0.000000000000000E+000  0.000000000000000E+000
 C4   1.41000000000000       0.000000000000000E+000  0.000000000000000E+000
 C2 -0.513427640966645      -0.801565413176570       -1.04018504964267     
   343.150000000000        213.371144675690     
 O3  0.000000000000000E+000  0.000000000000000E+000  0.000000000000000E+000
 C4   1.41000000000000       0.000000000000000E+000  0.000000000000000E+000
 C2 -0.405610828761175      -0.688907545100012       -1.16145866973628     
   343.150000000000        28.8880323625409     
 O3  0.000000000000000E+000  0.000000000000000E+000  0.000000000000000E+000
 C4   1.41000000000000       0.000000000000000E+000  0.000000000000000E+000
 C2 -0.483557186425640       -1.05277138869891      -0.803706938008321     
   343.150000000000        553.141857170237     
 O3  0.000000000000000E+000  0.000000000000000E+000  0.000000000000000E+000
 C4   1.41000000000000       0.000000000000000E+000  0.000000000000000E+000
 C2 -0.329063728443730       -1.35292215477907      -0.222303165385226     
   343.150000000000        1.14815816627604     
 O3  0.000000000000000E+000  0.000000000000000E+000  0.000000000000000E+000
 C4   1.41000000000000       0.000000000000000E+000  0.000000000000000E+000
 C2 -0.519343027286247       -1.29340411899228      -0.213280558402715     
