         100
   354.000000000000        32.1966988528359     
 C4  0.000000000000000E+000  0.000000000000000E+000  0.000000000000000E+000
 C3  0.907651171436087       -1.01725781766921      -0.716209385153233     
 C5  0.151027712553770       7.981695002547259E-002   1.53049658333876     
   354.000000000000        110.945766922332     
 C4  0.000000000000000E+000  0.000000000000000E+000  0.000000000000000E+000
 C3  0.967173343354603       -1.05027364907321      -0.577149015390941     
 C5  0.151027712553770       7.981695002547259E-002   1.53049658333876     
   354.000000000000        246.131440015112     
 C4  0.000000000000000E+000  0.000000000000000E+000  0.000000000000000E+000
 C3  0.928896827137986       -1.11120168605225      -0.523432419179041     
 C5  0.151027712553770       7.981695002547259E-002   1.53049658333876     
   354.000000000000        203.872169627183     
 C4  0.000000000000000E+000  0.000000000000000E+000  0.000000000000000E+000
 C3  0.779893709193318      -0.922332832230182      -0.955336563181240     
 C5  0.594006819259058       0.317320653148623        1.38494166261301     
   354.000000000000        833.129282490996     
 C4  0.000000000000000E+000  0.000000000000000E+000  0.000000000000000E+000
 C3  0.658722461323566       -1.27678357081206      -0.554534428374146     
 C5  0.891947331373489       0.381970224888462        1.19587984866231     
   354.000000000000        319.742011956004     
 C4  0.000000000000000E+000  0.000000000000000E+000  0.000000000000000E+000
 C3  0.550737403625416       -1.36956434813392      -0.438841438982742     
 C5   1.02728166760658       0.630918102811710       0.958245600055712     
   354.000000000000        956.410602187797     
 C4  0.000000000000000E+000  0.000000000000000E+000  0.000000000000000E+000
 C3  0.472886225170874       -1.45909099891943      -0.137956786407739     
 C5   1.16924448886809       0.674714801174082       0.741098623268482     
   354.000000000000        51.9208649692271     
 C4  0.000000000000000E+000  0.000000000000000E+000  0.000000000000000E+000
 C3  0.801994445802852       -1.16499092666475      -0.609262709912711     
 C5  0.450854503631185       0.495461954476660        1.38666779558186     
   354.000000000000        83.2094088385922     
 C4  0.000000000000000E+000  0.000000000000000E+000  0.000000000000000E+000
 C3  0.506229679172971       -1.38182378739869      -0.453756027512107     
 C5  0.450854503631185       0.495461954476660        1.38666779558186     
   354.000000000000        77.0000198752891     
 C4  0.000000000000000E+000  0.000000000000000E+000  0.000000000000000E+000
 C3  0.379200229831145       -1.47920916077342      -0.199367611160875     
 C5  0.716372551510180       0.589425566452268        1.22922242744649     
   354.000000000000        37.7207748477213     
 C4  0.000000000000000E+000  0.000000000000000E+000  0.000000000000000E+000
 C3  0.398888043803070       -1.44700170602496      -0.344491496661129     
 C5  0.724786720540587       0.508973891701195        1.25985304475434     
   354.000000000000       0.563786333103797     
 C4  0.000000000000000E+000  0.000000000000000E+000  0.000000000000000E+000
 C3  0.691316936615177       -1.17751783317839      -0.712132463587971     
 C5  0.817266146871893       0.584672236031227        1.16697657588900     
   354.000000000000        210.085535794253     
 C4  0.000000000000000E+000  0.000000000000000E+000  0.000000000000000E+000
 C3  0.691316936615177       -1.17751783317839      -0.712132463587971     
 C5  0.950927322110545        1.21133051014295      -3.940855578490676E-003
   354.000000000000       0.634744901241159     
 C4  0.000000000000000E+000  0.000000000000000E+000  0.000000000000000E+000
 C3  0.483168473675697       -1.18723606424544      -0.853591678615076     
 C5  0.950927322110545        1.21133051014295      -3.940855578490676E-003
   354.000000000000        4.57769858633457     
 C4  0.000000000000000E+000  0.000000000000000E+000  0.000000000000000E+000
 C3  0.430644400068781       -1.02211112432442       -1.06837926328701     
 C5   1.07716581835973        1.03530924728619       0.373427997508670     
   354.000000000000        22.0101694634216     
 C4  0.000000000000000E+000  0.000000000000000E+000  0.000000000000000E+000
 C3  0.444329576120642      -0.818124813862656       -1.22672043136432     
 C5   1.02181524652057        1.08801510559836       0.379099774531858     
   354.000000000000        145.978259495751     
 C4  0.000000000000000E+000  0.000000000000000E+000  0.000000000000000E+000
 C3  0.842320670074343       -1.23198521929610      -0.379879333738316     
 C5  0.929705896805300        1.17243744979618       0.364194012640376     
   354.000000000000        137.325122597909     
 C4  0.000000000000000E+000  0.000000000000000E+000  0.000000000000000E+000
 C3  0.712131234611945       -1.30804768159403      -0.391765704684003     
 C5   1.02647392164943        1.01128343788877       0.543375563958957     
   354.000000000000        36.3804618336324     
 C4  0.000000000000000E+000  0.000000000000000E+000  0.000000000000000E+000
 C3  0.564763152660118       -1.43247104000124      -2.587085145804616E-002
 C5   1.10902655036184        1.05000993958862       0.197836155542500     
   354.000000000000        104.702668159761     
 C4  0.000000000000000E+000  0.000000000000000E+000  0.000000000000000E+000
 C3  0.584785749686865       -1.42458805892382       1.320944112489579E-002
 C5  0.989660920467302        1.17783689073042      -6.979561889208931E-002
   354.000000000000        434.959539868514     
 C4  0.000000000000000E+000  0.000000000000000E+000  0.000000000000000E+000
 C3  0.889536296234920       -1.24887143797043      -0.143684755984527     
 C5  0.547883983662529        1.41204788932481      -0.278466884533228     
   354.000000000000        57.7712435410662     
 C4  0.000000000000000E+000  0.000000000000000E+000  0.000000000000000E+000
 C3  0.867657954337770       -1.26966123641615       8.203669311121234E-002
 C5  0.736450251497387        1.32510928570273      -0.270788321565093     
   354.000000000000        576.027814109767     
 C4  0.000000000000000E+000  0.000000000000000E+000  0.000000000000000E+000
 C3  0.826548979656723       -1.29924031140775      -1.978376712165122E-002
 C5  0.522091292530414        1.32275035617953      -0.591060136173182     
   354.000000000000        662.474135557646     
 C4  0.000000000000000E+000  0.000000000000000E+000  0.000000000000000E+000
 C3  0.956080353258462       -1.20250300639562      -0.107223494266349     
 C5  0.601939317890689        1.06726506273511      -0.932852748575317     
   354.000000000000        326.434532756801     
 C4  0.000000000000000E+000  0.000000000000000E+000  0.000000000000000E+000
 C3  0.956080353258462       -1.20250300639562      -0.107223494266349     
 C5  0.570738410634916        1.12783304847691      -0.879687551617854     
   354.000000000000        682.825064115905     
 C4  0.000000000000000E+000  0.000000000000000E+000  0.000000000000000E+000
 C3   1.11399753742297      -0.816419878486849       0.681225416897442     
 C5  0.643606440841974        1.36684978559173      -0.298483366398830     
   354.000000000000        229.283742387423     
 C4  0.000000000000000E+000  0.000000000000000E+000  0.000000000000000E+000
 C3   1.13780132154718      -0.807105123909903       0.652372187975444     
 C5  0.515092343153825        1.41931973592859      -0.303003749663440     
   354.000000000000        31.6680037806454     
 C4  0.000000000000000E+000  0.000000000000000E+000  0.000000000000000E+000
 C3   1.01352332956318      -0.716456521654135       0.911625204242634     
 C5  0.291504745196284        1.48216763978023      -0.299673118912200     
   354.000000000000        321.319921472676     
 C4  0.000000000000000E+000  0.000000000000000E+000  0.000000000000000E+000
 C3  0.924508065495755      -0.725551744798077       0.995218318990245     
 C5  0.530939051368557        1.43576676574626      -0.168158928376075     
   354.000000000000        295.697190391218     
 C4  0.000000000000000E+000  0.000000000000000E+000  0.000000000000000E+000
 C3   1.10134686737581      -0.755419203064107       0.766796521486293     
 C5  0.187765667779334        1.48617724200753      -0.357241048067688     
   354.000000000000        63.7162483005132     
 C4  0.000000000000000E+000  0.000000000000000E+000  0.000000000000000E+000
 C3   1.18940719314825      -0.830045373213211       0.517624581424164     
 C5  0.285674474636896        1.46653221478419      -0.373193334108902     
   354.000000000000        29.5998299036548     
 C4  0.000000000000000E+000  0.000000000000000E+000  0.000000000000000E+000
 C3  0.935540371417487       -1.22246717854989      -4.402511574440231E-002
 C5  0.348613475062978        1.14990991292571      -0.963211162851593     
   354.000000000000        104.931662346049     
 C4  0.000000000000000E+000  0.000000000000000E+000  0.000000000000000E+000
 C3  0.950145474150123       -1.20539730316552       0.125860714575023     
 C5  0.408430099046299       0.881679784014049       -1.19474914510795     
   354.000000000000        876.478604689691     
 C4  0.000000000000000E+000  0.000000000000000E+000  0.000000000000000E+000
 C3  0.306861375952579       -1.50808333529132      -5.586367124622924E-002
 C5  0.627896445454165        1.05351591717037      -0.931370051664167     
   354.000000000000        185.132524309708     
 C4  0.000000000000000E+000  0.000000000000000E+000  0.000000000000000E+000
 C3  0.401308553975968       -1.41139476888891      -0.467457218212251     
 C5  0.675872773130172        1.04441446216932      -0.907741335863425     
   354.000000000000        54.8040612389908     
 C4  0.000000000000000E+000  0.000000000000000E+000  0.000000000000000E+000
 C3  2.657269637855159E-002  -1.47928254254822      -0.427337163278908     
 C5   1.23878839916459       0.755473328927810      -0.516007033339832     
   354.000000000000        546.079958618922     
 C4  0.000000000000000E+000  0.000000000000000E+000  0.000000000000000E+000
 C3  0.511520033249222       -1.39018777811183      -0.421099984769896     
 C5   1.17167450513469       0.967928385589476      -0.248783844872879     
   354.000000000000        222.340819409557     
 C4  0.000000000000000E+000  0.000000000000000E+000  0.000000000000000E+000
 C3  0.144362989396667       -1.44319104207473      -0.517647508800831     
 C5   1.24051954037613       0.911298581885550       4.739273869066283E-002
   354.000000000000        341.890632159156     
 C4  0.000000000000000E+000  0.000000000000000E+000  0.000000000000000E+000
 C3  0.175293359384583       -1.50869444075733      -0.254388133731910     
 C5   1.18691991595338       0.856809430275911       0.478224445617027     
   354.000000000000        143.240001338736     
 C4  0.000000000000000E+000  0.000000000000000E+000  0.000000000000000E+000
 C3  0.353506186647009       -1.49886809668166      -5.273021164199720E-003
 C5  0.834361235150459       0.942678473092829       0.887016647379173     
   354.000000000000        10.1971913177690     
 C4  0.000000000000000E+000  0.000000000000000E+000  0.000000000000000E+000
 C3  0.143553659947111       -1.52941330143922       0.109028895695551     
 C5  0.591339611594419       0.798049683419114        1.17687470600580     
   354.000000000000        3.68852273352948     
 C4  0.000000000000000E+000  0.000000000000000E+000  0.000000000000000E+000
 C3 -0.345293899588764       -1.44624018503989       0.400950682855869     
 C5  0.784015302255679       0.762486151293954        1.08422081791307     
   354.000000000000        49.1087416996352     
 C4  0.000000000000000E+000  0.000000000000000E+000  0.000000000000000E+000
 C3 -0.345293899588764       -1.44624018503989       0.400950682855869     
 C5  0.695272678677208       0.862112069973354        1.07002737730092     
   354.000000000000        6.48486720699838     
 C4  0.000000000000000E+000  0.000000000000000E+000  0.000000000000000E+000
 C3 -2.789207539028923E-002  -1.53827128386705       6.740541046858606E-002
 C5  0.993224652958172       0.673531396568660       0.965121833591285     
   354.000000000000        3.38231355637126     
 C4  0.000000000000000E+000  0.000000000000000E+000  0.000000000000000E+000
 C3  8.434243955841275E-002  -1.53764000678874      -1.222957121332980E-002
 C5  0.964591723141453       0.688458508918357       0.983456962061447     
   354.000000000000        268.933592300627     
 C4  0.000000000000000E+000  0.000000000000000E+000  0.000000000000000E+000
 C3  0.114695091657235       -1.53565079901392       1.488823151512896E-002
 C5   1.06543638645255       0.570441767191977       0.954484889219328     
   354.000000000000        614.294969095233     
 C4  0.000000000000000E+000  0.000000000000000E+000  0.000000000000000E+000
 C3  1.298704375738298E-003  -1.49798955798968      -0.357247249843606     
 C5  0.853948581458741       0.586898801695834        1.13926358840911     
   354.000000000000        42.6279456945507     
 C4  0.000000000000000E+000  0.000000000000000E+000  0.000000000000000E+000
 C3  8.750812944431752E-002  -1.53708121202346      -3.638234359751148E-002
 C5  0.860954499702122       0.707990040986921        1.06259463502703     
   354.000000000000        43.4521728128467     
 C4  0.000000000000000E+000  0.000000000000000E+000  0.000000000000000E+000
 C3  0.228129316147214       -1.51242188867270       0.179268083545042     
 C5  0.674623698827239       0.813247411105811        1.12031755337162     
   354.000000000000        18.6040332440331     
 C4  0.000000000000000E+000  0.000000000000000E+000  0.000000000000000E+000
 C3  0.293735917939130       -1.51019647413510       6.801338120082129E-002
 C5  0.896679696852610       0.817246482512220       0.948511262535101     
   354.000000000000       0.882563639749819     
 C4  0.000000000000000E+000  0.000000000000000E+000  0.000000000000000E+000
 C3  0.205532941306741       -1.51941845950417       0.143957476206635     
 C5   1.02968326362201       0.839604581134769       0.778727443356437     
   354.000000000000        21.2720173972089     
 C4  0.000000000000000E+000  0.000000000000000E+000  0.000000000000000E+000
 C3  0.409887146441788       -1.47585243224043      -0.159537222715665     
 C5   1.05752211604314       0.823003900281016       0.758888306198013     
   354.000000000000        100.969837949805     
 C4  0.000000000000000E+000  0.000000000000000E+000  0.000000000000000E+000
 C3  0.557887328716657       -1.41253961527291      -0.255134403289844     
 C5  0.937648509566551       0.787680328513374       0.933795951834715     
   354.000000000000        15.6107215863044     
 C4  0.000000000000000E+000  0.000000000000000E+000  0.000000000000000E+000
 C3  0.364286504913126       -1.47792764027427       0.233720415136335     
 C5  0.989010490383471       0.967325239320786       0.676564881121275     
   354.000000000000        7.00343505456845     
 C4  0.000000000000000E+000  0.000000000000000E+000  0.000000000000000E+000
 C3  0.207989446782516       -1.48141799425498       0.365706325245621     
 C5  0.704465564422259        1.00390064423932       0.931403066411809     
   354.000000000000        11.3240111527052     
 C4  0.000000000000000E+000  0.000000000000000E+000  0.000000000000000E+000
 C3  8.193509094796832E-002  -1.46099495468068       0.479979565470191     
 C5  0.649831731689125        1.03526135388351       0.936777752045494     
   354.000000000000        290.154058578384     
 C4  0.000000000000000E+000  0.000000000000000E+000  0.000000000000000E+000
 C3  4.328731007545645E-003  -1.45559795193553       0.502807979659193     
 C5  0.702253865318284       0.869928877250401        1.05908600418172     
   354.000000000000        413.648465923956     
 C4  0.000000000000000E+000  0.000000000000000E+000  0.000000000000000E+000
 C3 -0.175609259502301       -1.25139227189721       0.880215183811894     
 C5  0.669003896545703        1.07206252901759       0.880179315460941     
   354.000000000000        3.35846375764375     
 C4  0.000000000000000E+000  0.000000000000000E+000  0.000000000000000E+000
 C3 -0.257918287915269       -1.47160441467665       0.373441566330067     
 C5  0.566652149059785       0.834660766205055        1.16354916286598     
   354.000000000000        165.997203944167     
 C4  0.000000000000000E+000  0.000000000000000E+000  0.000000000000000E+000
 C3 -0.557007334183584       -1.36486743678083       0.445510616799469     
 C5  0.367354504767836        1.03400582565942        1.08050105386870     
   354.000000000000        24.1842333247443     
 C4  0.000000000000000E+000  0.000000000000000E+000  0.000000000000000E+000
 C3  -1.10601918998549      -0.975475246971228       0.443587188645329     
 C5  0.396641343334151       0.980098255605597        1.11967984763465     
   354.000000000000        117.982243629186     
 C4  0.000000000000000E+000  0.000000000000000E+000  0.000000000000000E+000
 C3  -1.09479085501223       -1.01944644994269       0.365734766573863     
 C5  0.222167920592934        1.19006184950752       0.951837232140221     
   354.000000000000        29.6236765912570     
 C4  0.000000000000000E+000  0.000000000000000E+000  0.000000000000000E+000
 C3  -1.07042827971782      -0.879224897487844       0.672864680019573     
 C5  6.094398120153898E-002   1.41026710511065       0.615656097574231     
   354.000000000000        35.4181320975530     
 C4  0.000000000000000E+000  0.000000000000000E+000  0.000000000000000E+000
 C3  -1.07679373931541       -1.00055195943644       0.459359357626516     
 C5  0.133983450198278        1.18605897911342       0.973094260706341     
   354.000000000000        58.5292760918277     
 C4  0.000000000000000E+000  0.000000000000000E+000  0.000000000000000E+000
 C3 -0.832480628221527       -1.14196580790471       0.611955960190304     
 C5  0.140173138034399        1.28233796278174       0.841166302026284     
   354.000000000000        53.3593809016289     
 C4  0.000000000000000E+000  0.000000000000000E+000  0.000000000000000E+000
 C3 -0.631898643189795       -1.04801387471669       0.934864173629635     
 C5  0.431566775098879        1.32949735430058       0.646364301784006     
   354.000000000000        217.484630428004     
 C4  0.000000000000000E+000  0.000000000000000E+000  0.000000000000000E+000
 C3 -0.811886883891245      -0.921934376483964       0.928696233018360     
 C5  0.252730136168098        1.33496052299302       0.724988129147556     
   354.000000000000        99.1363359847772     
 C4  0.000000000000000E+000  0.000000000000000E+000  0.000000000000000E+000
 C3  -1.04671247197730      -0.939237670297518       0.627555256293225     
 C5  0.129275288160147        1.29192501629878       0.828141026163250     
   354.000000000000        294.149710440132     
 C4  0.000000000000000E+000  0.000000000000000E+000  0.000000000000000E+000
 C3 -0.910685191139935      -0.929555646874783       0.823516109133045     
 C5  4.039722775993877E-002   1.36883791004261       0.704450670453009     
   354.000000000000        97.0170043417049     
 C4  0.000000000000000E+000  0.000000000000000E+000  0.000000000000000E+000
 C3 -0.625171390137377      -0.991865178563760       0.998480946491412     
 C5  0.170212477253374        1.45982411387668       0.459936056657483     
   354.000000000000        122.578626845694     
 C4  0.000000000000000E+000  0.000000000000000E+000  0.000000000000000E+000
 C3 -0.392340297077575      -0.790230736843085        1.26222203824744     
 C5  0.382874528475636        1.44300659566450       0.377808109224145     
   354.000000000000        2.94081779518888     
 C4  0.000000000000000E+000  0.000000000000000E+000  0.000000000000000E+000
 C3 -0.213571410319343       -1.04610444538022        1.10979851416820     
 C5  0.730007307613624        1.26607562612825       0.485532436441554     
   354.000000000000        126.141871096222     
 C4  0.000000000000000E+000  0.000000000000000E+000  0.000000000000000E+000
 C3 -0.157541792693229       -1.10757588552431        1.05832709563728     
 C5  0.905334352185959        1.19908453672533       0.337884435303603     
   354.000000000000        9.06917242112905     
 C4  0.000000000000000E+000  0.000000000000000E+000  0.000000000000000E+000
 C3 -3.141514216908177E-002  -1.10621766773996        1.07093209888511     
 C5   1.04011494594556        1.11024809492567       0.238976931976279     
   354.000000000000       4.603415229138946E-002
 C4  0.000000000000000E+000  0.000000000000000E+000  0.000000000000000E+000
 C3 -9.360304915308320E-003  -1.28477827797526       0.849033074229043     
 C5   1.24678819169190       0.880144259201141       0.206070849794772     
   354.000000000000        1.64602252180783     
 C4  0.000000000000000E+000  0.000000000000000E+000  0.000000000000000E+000
 C3  0.517064748090662       -1.42625098002388       0.264673739276990     
 C5  0.977476810178118        1.10195667885478       0.449255462486070     
   354.000000000000        307.073418037121     
 C4  0.000000000000000E+000  0.000000000000000E+000  0.000000000000000E+000
 C3  0.685699729959982       -1.37270816319904       0.130721761843729     
 C5   1.00336030409582        1.07261123071844       0.463004487001622     
   354.000000000000        59.6569521088073     
 C4  0.000000000000000E+000  0.000000000000000E+000  0.000000000000000E+000
 C3  0.638163839700699       -1.38654534864925       0.204545617986809     
 C5   1.06125309015331        1.11506228405577       4.447345723696033E-002
   354.000000000000        51.5819472273267     
 C4  0.000000000000000E+000  0.000000000000000E+000  0.000000000000000E+000
 C3  0.587608445036160       -1.37659114746645       0.362371533152348     
 C5  0.984307799114992        1.18414180790630      -2.337183030964818E-002
   354.000000000000        19.5570645528779     
 C4  0.000000000000000E+000  0.000000000000000E+000  0.000000000000000E+000
 C3  0.851628316592175       -1.17858335958680       0.507218370017767     
 C5  0.607498232354131        1.36590060846383       0.369947743021833     
   354.000000000000        676.100159695822     
 C4  0.000000000000000E+000  0.000000000000000E+000  0.000000000000000E+000
 C3  0.745101092042220       -1.16176995369155       0.683165380663443     
 C5  0.529777964387270        1.44583822956892      -2.206874370910329E-002
   354.000000000000        5.07409938963235     
 C4  0.000000000000000E+000  0.000000000000000E+000  0.000000000000000E+000
 C3  0.923235231376986       -1.22675050011065       0.119665859887233     
 C5  0.717408586278018        1.35967334779636       9.062678803214635E-002
   354.000000000000        35.5595557535790     
 C4  0.000000000000000E+000  0.000000000000000E+000  0.000000000000000E+000
 C3  0.653480875098154       -1.39072649574438       0.102188844378944     
 C5  0.941527924759864        1.20602154150607       0.175034612014076     
   354.000000000000        199.418114226916     
 C4  0.000000000000000E+000  0.000000000000000E+000  0.000000000000000E+000
 C3  0.695452187315961       -1.37389226653787      -1.913883760518566E-002
 C5   1.03854513340311        1.09157664276051      -0.318566077834122     
   354.000000000000       0.699208015979885     
 C4  0.000000000000000E+000  0.000000000000000E+000  0.000000000000000E+000
 C3  0.540663510439893       -1.43894777802662       9.333949105861923E-002
 C5   1.09875326634256        1.06357183433309      -0.182088220368874     
   354.000000000000        327.749044793756     
 C4  0.000000000000000E+000  0.000000000000000E+000  0.000000000000000E+000
 C3  0.415979144195056       -1.44283885900995       0.341727052668681     
 C5   1.02375514799182        1.14744809572411       8.299500985949931E-002
   354.000000000000        106.275987441128     
 C4  0.000000000000000E+000  0.000000000000000E+000  0.000000000000000E+000
 C3  0.254380194122434       -1.37164744673649       0.652283679620686     
 C5  0.828363137135718        1.19624946708770       0.504382426943356     
   354.000000000000        136.134182843172     
 C4  0.000000000000000E+000  0.000000000000000E+000  0.000000000000000E+000
 C3  0.170143136057683       -1.34162761470052       0.736672693077086     
 C5   1.25215196592824       0.872426959172358       0.206365118693882     
   354.000000000000        12.2388130237451     
 C4  0.000000000000000E+000  0.000000000000000E+000  0.000000000000000E+000
 C3  0.386020286406984       -1.39434860791110       0.527617568034521     
 C5   1.17945337656046       0.959872833473047      -0.243174388377477     
   354.000000000000        1585.79843426269     
 C4  0.000000000000000E+000  0.000000000000000E+000  0.000000000000000E+000
 C3  0.425209202005904       -1.28740053012598       0.730340338171773     
 C5   1.36909108788563       0.692831786235670      -0.131048144343430     
   354.000000000000        100.533234998971     
 C4  0.000000000000000E+000  0.000000000000000E+000  0.000000000000000E+000
 C3  0.267320595647323       -1.36986940004474       0.650843703175980     
 C5   1.17799529096976       0.987744211180331      -9.104051194406670E-002
   354.000000000000        1.06207621757420     
 C4  0.000000000000000E+000  0.000000000000000E+000  0.000000000000000E+000
 C3  0.327977745115224       -1.42648418475568       0.478720658997559     
 C5   1.12694834844623        1.01511143425954       0.266713522439464     
   354.000000000000        5.62744710733204     
 C4  0.000000000000000E+000  0.000000000000000E+000  0.000000000000000E+000
 C3  0.437447023776654       -1.46085214528348       0.214828096415738     
 C5   1.13009028483203        1.03875962165561       0.124395754060838     
   354.000000000000        227.275596629214     
 C4  0.000000000000000E+000  0.000000000000000E+000  0.000000000000000E+000
 C3  0.424951235451666       -1.47491798801638      -0.125033499966244     
 C5   1.06951015090283        1.07307568578016       0.276145825218221     
   354.000000000000       0.310680880865423     
 C4  0.000000000000000E+000  0.000000000000000E+000  0.000000000000000E+000
 C3  0.426763241275286       -1.42152789753162      -0.410769488199331     
 C5   1.14314774373934       0.845591048716558       0.591429557425307     
   354.000000000000        49.1690137259116     
 C4  0.000000000000000E+000  0.000000000000000E+000  0.000000000000000E+000
 C3  0.331470545590715       -1.48236324861522      -0.253626647970483     
 C5  0.996645557141526       0.787567425968145       0.870652106220494     
   354.000000000000        203.484550550597     
 C4  0.000000000000000E+000  0.000000000000000E+000  0.000000000000000E+000
 C3  0.826087413106782       -1.10882828435062      -0.677996623686725     
 C5  0.908649866949096       0.777538004992699       0.970252532677744     
   354.000000000000       0.269342303165303     
 C4  0.000000000000000E+000  0.000000000000000E+000  0.000000000000000E+000
 C3   1.00689747155228       -1.00478061291161      -0.590062201550489     
 C5  0.321915470269795       0.444580758407168        1.43886006489071     
   354.000000000000        124.241790259373     
 C4  0.000000000000000E+000  0.000000000000000E+000  0.000000000000000E+000
 C3  0.695244213410959       -1.30534625018909      -0.429309504711779     
 C5  0.181735163294953       0.221689472200252        1.51308493331338     
   354.000000000000        23.9311661249049     
 C4  0.000000000000000E+000  0.000000000000000E+000  0.000000000000000E+000
 C3  0.724234063278102       -1.28819091521891      -0.433184934566243     
 C5  0.298684450224953       0.373063859713548        1.46397092281632     
