         100
   336.000000000000        19.4017345490062     
 CH  0.000000000000000E+000  0.000000000000000E+000  0.000000000000000E+000
 CH   1.43239000074718       0.418732725985754       0.380160216156328     
 CH  -1.11423685905463       0.967516536313661       0.440440587770156     
   336.000000000000        175.171508275481     
 CH  0.000000000000000E+000  0.000000000000000E+000  0.000000000000000E+000
 CH   1.37244672187376       0.276680742802904       0.641434144850426     
 CH -0.953673813582173        1.16735930870450       0.315243460106962     
   336.000000000000        118.292698734460     
 CH  0.000000000000000E+000  0.000000000000000E+000  0.000000000000000E+000
 CH   1.38518090966165       0.103185314799460       0.665001231817394     
 CH -0.914249941244436        1.23842478660962       4.528830221006028E-002
   336.000000000000        358.797300324476     
 CH  0.000000000000000E+000  0.000000000000000E+000  0.000000000000000E+000
 CH   1.44885645690582      -9.977761995552309E-002  0.512307909209219     
 CH -0.906856156254775        1.16925282729159       0.426684514840952     
   336.000000000000        365.737300858008     
 CH  0.000000000000000E+000  0.000000000000000E+000  0.000000000000000E+000
 CH   1.52633523894050      -0.152456995777891       0.136592835854730     
 CH -0.837129607950048       0.606468005239106        1.14149486007880     
   336.000000000000        22.1059475800489     
 CH  0.000000000000000E+000  0.000000000000000E+000  0.000000000000000E+000
 CH   1.45921297126028      -0.373659058563476       0.320431603402657     
 CH -0.703143652411241       0.683646004847283        1.18735718366537     
   336.000000000000        676.873633983881     
 CH  0.000000000000000E+000  0.000000000000000E+000  0.000000000000000E+000
 CH   1.35187117747560      -0.474181729108295       0.564974342152456     
 CH -0.703143652411241       0.683646004847283        1.18735718366537     
   336.000000000000        91.8701414149156     
 CH  0.000000000000000E+000  0.000000000000000E+000  0.000000000000000E+000
 CH   1.28581332735772      -0.512590611715710       0.674933294459659     
 CH -0.914041777868687       0.924213474426369       0.825806889939173     
   336.000000000000        86.7377911094049     
 CH  0.000000000000000E+000  0.000000000000000E+000  0.000000000000000E+000
 CH   1.17078455452506      -0.502967635744621       0.864804650935123     
 CH  -1.06106616488018       0.878103201428855       0.688965382917369     
   336.000000000000        32.7824504695395     
 CH  0.000000000000000E+000  0.000000000000000E+000  0.000000000000000E+000
 CH   1.02605347906282      -0.602762526309370       0.977492503797457     
 CH  -1.15064599717186       0.709431021270057       0.737781371900734     
   336.000000000000        31.9303684459830     
 CH  0.000000000000000E+000  0.000000000000000E+000  0.000000000000000E+000
 CH   1.06531742967389      -0.615369543560417       0.926293203522108     
 CH  -1.16020231142550       0.629145004251724       0.793540860737267     
   336.000000000000        5.70626752115383     
 CH  0.000000000000000E+000  0.000000000000000E+000  0.000000000000000E+000
 CH  0.992197921394241      -0.777014792826826       0.885093947843521     
 CH  -1.09620029147962       0.759782670856597       0.769853980633757     
   336.000000000000        38.2992930898079     
 CH  0.000000000000000E+000  0.000000000000000E+000  0.000000000000000E+000
 CH  0.963354260226750      -0.610790247444159        1.03464189115368     
 CH  -1.23676278726421       0.722304383868812       0.565945335305441     
   336.000000000000        100.383832157086     
 CH  0.000000000000000E+000  0.000000000000000E+000  0.000000000000000E+000
 CH  0.949513930790270      -0.651243322037627        1.02269517977577     
 CH -0.987505798961662       0.945353784825597       0.709040517886411     
   336.000000000000        533.843772616481     
 CH  0.000000000000000E+000  0.000000000000000E+000  0.000000000000000E+000
 CH  0.559870448067426      -0.901135817605960        1.11628818842108     
 CH -0.922741323545826        1.01313345316049       0.702644286520301     
   336.000000000000        30.6810256178715     
 CH  0.000000000000000E+000  0.000000000000000E+000  0.000000000000000E+000
 CH  0.723926072471120       -1.00237128383339       0.918032053330781     
 CH -0.922741323545826        1.01313345316049       0.702644286520301     
   336.000000000000        108.826368317494     
 CH  0.000000000000000E+000  0.000000000000000E+000  0.000000000000000E+000
 CH  0.831749426879751      -0.732250927469669        1.06939303817867     
 CH  -1.12470158783088       0.934338431103933       0.483381807647491     
   336.000000000000        16.3879324739117     
 CH  0.000000000000000E+000  0.000000000000000E+000  0.000000000000000E+000
 CH  0.771575261285984      -0.582691600456932        1.19864177923531     
 CH  -1.06197748318972        1.05934928528629       0.348687330473973     
   336.000000000000       0.352232629806551     
 CH  0.000000000000000E+000  0.000000000000000E+000  0.000000000000000E+000
 CH  0.670765951792569      -0.532422000567415        1.27992181449790     
 CH -0.959326213065315        1.18166802310553       0.234422348694089     
   336.000000000000       0.352232629806551     
 CH  0.000000000000000E+000  0.000000000000000E+000  0.000000000000000E+000
 CH  0.670765951792569      -0.532422000567415        1.27992181449790     
 CH -0.959326213065315        1.18166802310553       0.234422348694089     
   336.000000000000        41.7403585285035     
 CH  0.000000000000000E+000  0.000000000000000E+000  0.000000000000000E+000
 CH  0.670765951792569      -0.532422000567415        1.27992181449790     
 CH -0.849130719990513        1.27540359561783       0.154669409144519     
   336.000000000000        9.52389900996987     
 CH  0.000000000000000E+000  0.000000000000000E+000  0.000000000000000E+000
 CH  0.670765951792569      -0.532422000567415        1.27992181449790     
 CH  -1.00625419751542        1.13233241349175       0.277264734162411     
   336.000000000000        115.658202259311     
 CH  0.000000000000000E+000  0.000000000000000E+000  0.000000000000000E+000
 CH  0.751907972490149      -0.633002764265361        1.18555552435901     
 CH  -1.13610347350731       0.904109143688790       0.513279155289367     
   336.000000000000        108.935571220882     
 CH  0.000000000000000E+000  0.000000000000000E+000  0.000000000000000E+000
 CH  0.659937209072665      -0.746858874683314        1.17400370586645     
 CH  -1.13610347350731       0.904109143688790       0.513279155289367     
   336.000000000000        6.05240754467440     
 CH  0.000000000000000E+000  0.000000000000000E+000  0.000000000000000E+000
 CH  0.544213436911900       -1.06353395814424       0.971765020444023     
 CH  -1.16385916569779       0.818523583331246       0.589110281206711     
   336.000000000000        26.7309460163464     
 CH  0.000000000000000E+000  0.000000000000000E+000  0.000000000000000E+000
 CH  0.667908779755021       -1.10470769015948       0.839713511400564     
 CH  -1.00677844910471       0.825989144240671       0.822033469809168     
   336.000000000000        1003.66844732392     
 CH  0.000000000000000E+000  0.000000000000000E+000  0.000000000000000E+000
 CH  0.612914756683812       -1.11505337803328       0.867520296693852     
 CH -0.899903270853015       0.751310186715985       0.998652614234028     
   336.000000000000        270.668958813668     
 CH  0.000000000000000E+000  0.000000000000000E+000  0.000000000000000E+000
 CH  0.561446952058197      -0.984981117232816        1.04220416364518     
 CH -0.897900915140748        1.01392253767903       0.733031357888283     
   336.000000000000        238.967169424128     
 CH  0.000000000000000E+000  0.000000000000000E+000  0.000000000000000E+000
 CH  0.796209525376133       -1.09583420553273       0.732664852224239     
 CH -0.833113144929612        1.00579489660074       0.816026378978660     
   336.000000000000        42.4193237651251     
 CH  0.000000000000000E+000  0.000000000000000E+000  0.000000000000000E+000
 CH  0.786710558093667       -1.07800722803801       0.768496528347242     
 CH -0.646783443692589        1.02114140739572       0.954222898770862     
   336.000000000000        2.06459912866447     
 CH  0.000000000000000E+000  0.000000000000000E+000  0.000000000000000E+000
 CH  0.814244981345183       -1.15952375333854       0.603415094108431     
 CH -0.678514700831357       0.889493241045832        1.05830974310980     
   336.000000000000        38.1169307273629     
 CH  0.000000000000000E+000  0.000000000000000E+000  0.000000000000000E+000
 CH  0.649999965051710       -1.24642165327132       0.628914229199148     
 CH -0.783392808733325       0.822824891934699        1.03964168919353     
   336.000000000000        146.936769512211     
 CH  0.000000000000000E+000  0.000000000000000E+000  0.000000000000000E+000
 CH  0.593940953768271       -1.25275764112831       0.670397222571408     
 CH -0.783392808733325       0.822824891934699        1.03964168919353     
   336.000000000000        175.656000908487     
 CH  0.000000000000000E+000  0.000000000000000E+000  0.000000000000000E+000
 CH  0.605525621301764       -1.13308435494015       0.849151674635909     
 CH  -1.10406139311384       0.706931366795537       0.808020061847322     
   336.000000000000        41.4118117331342     
 CH  0.000000000000000E+000  0.000000000000000E+000  0.000000000000000E+000
 CH  0.489503861349269       -1.27719366092818       0.707645619084182     
 CH -0.961452772548594       0.810845101306732       0.888672451084830     
   336.000000000000       0.868463607136647     
 CH  0.000000000000000E+000  0.000000000000000E+000  0.000000000000000E+000
 CH  0.363996938785759       -1.31106458732303       0.721259922927983     
 CH  -1.04124964264874       0.850355169333123       0.751195850057706     
   336.000000000000        73.9458256476738     
 CH  0.000000000000000E+000  0.000000000000000E+000  0.000000000000000E+000
 CH  0.215435797238452       -1.38999676299000       0.626974015526608     
 CH -0.874200504346272       0.884210486435080       0.908595196636315     
   336.000000000000        13.1787164235205     
 CH  0.000000000000000E+000  0.000000000000000E+000  0.000000000000000E+000
 CH  0.549247031908722       -1.31033381124712       0.594098477562470     
 CH -0.795897397396269       0.829672003543481        1.02459340073300     
   336.000000000000        83.1035377578328     
 CH  0.000000000000000E+000  0.000000000000000E+000  0.000000000000000E+000
 CH  0.792630895000889       -1.27074906983486       0.358515084485901     
 CH -0.668743439324028       0.763825233767235        1.15799532041072     
   336.000000000000        926.484030991984     
 CH  0.000000000000000E+000  0.000000000000000E+000  0.000000000000000E+000
 CH  0.917263350042436       -1.21428973077204       0.236068626484951     
 CH -0.289495773572749       0.503916659821360        1.42613468315921     
   336.000000000000        1.67093277057425     
 CH  0.000000000000000E+000  0.000000000000000E+000  0.000000000000000E+000
 CH  0.917263350042436       -1.21428973077204       0.236068626484951     
 CH -0.341479171927584       0.798020877934078        1.27206705444037     
   336.000000000000        3.12773570938104     
 CH  0.000000000000000E+000  0.000000000000000E+000  0.000000000000000E+000
 CH  0.886982016256616       -1.22963399254745       0.269931745463848     
 CH -0.341479171927584       0.798020877934078        1.27206705444037     
   336.000000000000        763.068366131584     
 CH  0.000000000000000E+000  0.000000000000000E+000  0.000000000000000E+000
 CH  0.508188465507443       -1.45369503635032       1.073428225927408E-002
 CH -0.341479171927584       0.798020877934078        1.27206705444037     
   336.000000000000        84.5907437407747     
 CH  0.000000000000000E+000  0.000000000000000E+000  0.000000000000000E+000
 CH  0.553808928311169       -1.43405184918173      -9.160220947830057E-002
 CH -0.212406388923162       0.409519131249132        1.46927789902292     
   336.000000000000        284.049945967423     
 CH  0.000000000000000E+000  0.000000000000000E+000  0.000000000000000E+000
 CH  0.467443364946265       -1.46453843152157       9.068562821111494E-002
 CH -0.247806365643407       0.510217580404328        1.43173669480969     
   336.000000000000        899.051336865855     
 CH  0.000000000000000E+000  0.000000000000000E+000  0.000000000000000E+000
 CH  0.476716918857191       -1.46395277162225      -3.439857169785297E-002
 CH -0.296666741017422       0.794442561291846        1.28547648716489     
   336.000000000000        30.1445959892915     
 CH  0.000000000000000E+000  0.000000000000000E+000  0.000000000000000E+000
 CH  0.708160155199501       -1.33510469534441       0.295980822110372     
 CH -0.296666741017422       0.794442561291846        1.28547648716489     
   336.000000000000        348.798494755714     
 CH  0.000000000000000E+000  0.000000000000000E+000  0.000000000000000E+000
 CH  0.757566672787448       -1.34054461675208       2.515684357757180E-002
 CH -0.185489813267084       0.450500916473670        1.46090464812121     
   336.000000000000        167.241273962178     
 CH  0.000000000000000E+000  0.000000000000000E+000  0.000000000000000E+000
 CH  0.765374393679220       -1.29767048662942       0.319144709545905     
 CH -0.195251267391975       0.810442175186436        1.29485920498428     
   336.000000000000        189.675105206213     
 CH  0.000000000000000E+000  0.000000000000000E+000  0.000000000000000E+000
 CH  0.738405749052616       -1.30209563626668       0.361806445190411     
 CH -0.406069057997882       0.963903127732824        1.13030908071873     
   336.000000000000        57.4271903666233     
 CH  0.000000000000000E+000  0.000000000000000E+000  0.000000000000000E+000
 CH  0.880647142536806       -1.20295558281597       0.385951390868902     
 CH -0.331208632110162        1.00277378670364        1.12086819572480     
   336.000000000000        19.9631166713872     
 CH  0.000000000000000E+000  0.000000000000000E+000  0.000000000000000E+000
 CH   1.15152124918414      -0.997608567582232       0.224445892285703     
 CH -0.367161231344238       0.770899674579782        1.28160300382068     
   336.000000000000        26.1863305514329     
 CH  0.000000000000000E+000  0.000000000000000E+000  0.000000000000000E+000
 CH   1.10331074749779       -1.04748100215967       0.238932929020759     
 CH -0.312093616317731       0.815414212961792        1.26858077134459     
   336.000000000000        49.9065406436505     
 CH  0.000000000000000E+000  0.000000000000000E+000  0.000000000000000E+000
 CH   1.10331074749779       -1.04748100215967       0.238932929020759     
 CH -0.376541598564601       0.887880286017261        1.20061857378767     
   336.000000000000        36.9963814002300     
 CH  0.000000000000000E+000  0.000000000000000E+000  0.000000000000000E+000
 CH   1.05928785145926       -1.08608103557179       0.264456483985825     
 CH -0.376541598564601       0.887880286017261        1.20061857378767     
   336.000000000000        15.9564183524711     
 CH  0.000000000000000E+000  0.000000000000000E+000  0.000000000000000E+000
 CH   1.44797341191695      -0.483296618469632       0.203463453616161     
 CH -0.510605875990179       0.850364713319219        1.17803286508376     
   336.000000000000        9.08817040108631     
 CH  0.000000000000000E+000  0.000000000000000E+000  0.000000000000000E+000
 CH   1.27162341940000      -0.809990248349253       0.313830649893474     
 CH -0.597399268284917       0.765866264197845        1.19505770450129     
   336.000000000000        68.9118684171373     
 CH  0.000000000000000E+000  0.000000000000000E+000  0.000000000000000E+000
 CH   1.17678752925915      -0.948100121420060       0.296441007189303     
 CH -0.597399268284917       0.765866264197845        1.19505770450129     
   336.000000000000        26.5641301614184     
 CH  0.000000000000000E+000  0.000000000000000E+000  0.000000000000000E+000
 CH   1.28342905037543      -0.840576820131468       0.133568267601637     
 CH -0.559184381823958       0.583867184212831        1.31072952045613     
   336.000000000000        651.066983231767     
 CH  0.000000000000000E+000  0.000000000000000E+000  0.000000000000000E+000
 CH   1.38516467098103      -0.599083196665448      -0.306623804912654     
 CH -0.413867531829298       0.485861156497813        1.40151794143912     
   336.000000000000        651.066983231767     
 CH  0.000000000000000E+000  0.000000000000000E+000  0.000000000000000E+000
 CH   1.38516467098103      -0.599083196665448      -0.306623804912654     
 CH -0.413867531829298       0.485861156497813        1.40151794143912     
   336.000000000000        1.21394125396641     
 CH  0.000000000000000E+000  0.000000000000000E+000  0.000000000000000E+000
 CH   1.30762439432907      -0.779816703922763       0.231526135972947     
 CH -0.618627145806692       0.564347720013643        1.29244421266765     
   336.000000000000        1.31265653309695     
 CH  0.000000000000000E+000  0.000000000000000E+000  0.000000000000000E+000
 CH   1.41210628886382      -0.589048310909734       0.174865423585215     
 CH -0.618627145806692       0.564347720013643        1.29244421266765     
   336.000000000000        332.999698375473     
 CH  0.000000000000000E+000  0.000000000000000E+000  0.000000000000000E+000
 CH   1.49718975785855      -0.358541278083453      -3.835336847981725E-002
 CH -0.341878297833634       0.408363590395906        1.44497693579550     
   336.000000000000        54.9380791834899     
 CH  0.000000000000000E+000  0.000000000000000E+000  0.000000000000000E+000
 CH   1.53099704935224      -0.164585132446747       2.365943896694221E-002
 CH -0.605356203600006       0.976139160590521        1.02581486799336     
   336.000000000000        4.75968257010356     
 CH  0.000000000000000E+000  0.000000000000000E+000  0.000000000000000E+000
 CH   1.53758487296142       2.301922558557092E-002  8.308353443157480E-002
 CH -0.694920544939825        1.25967129428667       0.549466654167745     
   336.000000000000       3.027806395920152E-002
 CH  0.000000000000000E+000  0.000000000000000E+000  0.000000000000000E+000
 CH   1.49926449615422      -0.155208745292747       0.315778745256994     
 CH -0.687465305654806        1.13858549179902       0.776282467184043     
   336.000000000000        21.4855120350483     
 CH  0.000000000000000E+000  0.000000000000000E+000  0.000000000000000E+000
 CH   1.53440346986644      -2.924696093181697E-002  0.127869491819108     
 CH -0.658354975744346       0.908929045042178        1.05452200283493     
   336.000000000000        30.0214198821155     
 CH  0.000000000000000E+000  0.000000000000000E+000  0.000000000000000E+000
 CH   1.39707466930063      -0.280159145541574       0.584203065353083     
 CH -0.667556845002344        1.22180094019869       0.658156712866875     
   336.000000000000        7.32456601183441     
 CH  0.000000000000000E+000  0.000000000000000E+000  0.000000000000000E+000
 CH   1.41632343179072      -0.332726312802294       0.504897155200477     
 CH -0.585012705319437        1.32224439684133       0.530122464255344     
   336.000000000000        7.37796276122162     
 CH  0.000000000000000E+000  0.000000000000000E+000  0.000000000000000E+000
 CH   1.22841608614622      -0.309866142193217       0.875543770019232     
 CH -0.814450661377451        1.20387148549570       0.508884568506291     
   336.000000000000        12.2796169303102     
 CH  0.000000000000000E+000  0.000000000000000E+000  0.000000000000000E+000
 CH   1.05574147478599      -0.357179552138022        1.06274771510043     
 CH -0.341494501744274        1.50153633716441      -1.923722757919317E-002
   336.000000000000        115.805968741581     
 CH  0.000000000000000E+000  0.000000000000000E+000  0.000000000000000E+000
 CH   1.22902834597727      -0.315973328548218       0.872496521729758     
 CH -0.311371049523369        1.50745895759244       4.706907864686934E-002
   336.000000000000        18.2636982057149     
 CH  0.000000000000000E+000  0.000000000000000E+000  0.000000000000000E+000
 CH   1.22499934213932      -0.209773559872504       0.909379824570922     
 CH -0.424436060860226        1.46482420355152      -0.213878517861700     
   336.000000000000        221.604794080448     
 CH  0.000000000000000E+000  0.000000000000000E+000  0.000000000000000E+000
 CH   1.06865826310844      -0.323963718924149        1.06047962050710     
 CH -0.274839417078482        1.46987427926678      -0.368147844542865     
   336.000000000000        36.6048740117233     
 CH  0.000000000000000E+000  0.000000000000000E+000  0.000000000000000E+000
 CH   1.34644872722614      -0.265774757975246       0.698598313034255     
 CH -0.288958232709550        1.46348834542310      -0.382498287619383     
   336.000000000000       0.133154297485362     
 CH  0.000000000000000E+000  0.000000000000000E+000  0.000000000000000E+000
 CH   1.28634019494323      -2.089948199083017E-002  0.846458572244347     
 CH -0.705515925184136        1.36831697559179      -3.944453182029053E-002
   336.000000000000        5.01222472865457     
 CH  0.000000000000000E+000  0.000000000000000E+000  0.000000000000000E+000
 CH   1.38979900824619      -6.488616937630771E-002  0.660188232022944     
 CH -0.564680444223276        1.42162481817310      -0.178097753320265     
   336.000000000000        526.238789557251     
 CH  0.000000000000000E+000  0.000000000000000E+000  0.000000000000000E+000
 CH   1.35874813560643      -9.421362193644477E-002  0.718698335484139     
 CH -0.532845627931219        1.32552490214636      -0.575029745366360     
   336.000000000000        104.808859759127     
 CH  0.000000000000000E+000  0.000000000000000E+000  0.000000000000000E+000
 CH   1.38117277435990       8.204715647972101E-002  0.676187867001886     
 CH -0.543511884432814        1.27483823961001      -0.671552106526331     
   336.000000000000        15.9376276094986     
 CH  0.000000000000000E+000  0.000000000000000E+000  0.000000000000000E+000
 CH   1.27396297200381       5.535583129981113E-002  0.863454734137415     
 CH -0.609494598623242        1.36573973085536      -0.367248225705518     
   336.000000000000        451.439237209225     
 CH  0.000000000000000E+000  0.000000000000000E+000  0.000000000000000E+000
 CH   1.27396297200381       5.535583129981113E-002  0.863454734137415     
 CH -0.382197296516645        1.15250504860115      -0.947236653089311     
   336.000000000000        4.92431096265858     
 CH  0.000000000000000E+000  0.000000000000000E+000  0.000000000000000E+000
 CH   1.35196881492865       0.444742799506130       0.588204187122012     
 CH -0.858700375031669        1.17493437023379      -0.503748775716049     
   336.000000000000        41.1180753000640     
 CH  0.000000000000000E+000  0.000000000000000E+000  0.000000000000000E+000
 CH   1.44007077014628       0.207058295084895       0.504899038825406     
 CH -0.590119873810046        1.29584764942534      -0.586632202904722     
   336.000000000000        22.8300506703621     
 CH  0.000000000000000E+000  0.000000000000000E+000  0.000000000000000E+000
 CH   1.44534628035327       0.498213613939163       0.185357289456469     
 CH -0.987607816623314        1.15369853059066      -0.255363346095517     
   336.000000000000        129.491566851035     
 CH  0.000000000000000E+000  0.000000000000000E+000  0.000000000000000E+000
 CH   1.37983547131879       0.494531526764678       0.472326837186121     
 CH -0.981087507943716        1.18384752717487      -8.701880044189249E-002
   336.000000000000        473.537678082211     
 CH  0.000000000000000E+000  0.000000000000000E+000  0.000000000000000E+000
 CH   1.47021068905769       0.404448621417057       0.215642858482146     
 CH  -1.11081427384658        1.05090508436292      -0.182455721068072     
   336.000000000000        100.196729614734     
 CH  0.000000000000000E+000  0.000000000000000E+000  0.000000000000000E+000
 CH   1.44668434154000       0.527156018394994       2.847715247183573E-002
 CH -0.984704648414896        1.10861332051421       0.415852375777962     
   336.000000000000        135.235413478250     
 CH  0.000000000000000E+000  0.000000000000000E+000  0.000000000000000E+000
 CH   1.41159119647781       0.494622472774581      -0.366550001299548     
 CH -0.814693048997951        1.15238734507638       0.616342908042156     
   336.000000000000        5.44988977701536     
 CH  0.000000000000000E+000  0.000000000000000E+000  0.000000000000000E+000
 CH   1.39877130073725       0.393782657979092      -0.509876520844756     
 CH -0.640850535704796        1.07250689462779       0.900355201758924     
   336.000000000000        846.943361546408     
 CH  0.000000000000000E+000  0.000000000000000E+000  0.000000000000000E+000
 CH   1.19881318289685       0.544258272093408      -0.798892912580044     
 CH -0.715520838292920        1.27134701795106       0.493261216179799     
   336.000000000000       0.178599008885662     
 CH  0.000000000000000E+000  0.000000000000000E+000  0.000000000000000E+000
 CH  0.293161375809043       0.130349501500949       -1.50620895469128     
 CH -0.641880942496516        1.25130573293026       0.627552990485474     
   336.000000000000        286.110724968294     
 CH  0.000000000000000E+000  0.000000000000000E+000  0.000000000000000E+000
 CH  0.562115991129015       0.167876830992988       -1.42388306476789     
 CH -0.386233131531678        1.24044200238517       0.826878191934900     
   336.000000000000        70.8062992966379     
 CH  0.000000000000000E+000  0.000000000000000E+000  0.000000000000000E+000
 CH  0.292846150819720       0.115756007190470       -1.50746199910624     
 CH -0.244383982808026        1.38696623696077       0.623057833551105     
   336.000000000000        32.8531928356116     
 CH  0.000000000000000E+000  0.000000000000000E+000  0.000000000000000E+000
 CH  0.292846150819720       0.115756007190470       -1.50746199910624     
 CH -9.183507722504375E-002   1.38037813508549       0.676551890279368     
   336.000000000000        66.8516165460391     
 CH  0.000000000000000E+000  0.000000000000000E+000  0.000000000000000E+000
 CH  0.583389572075360       0.173744032930530       -1.41459167897127     
 CH -0.105867503129609        1.35399286349181       0.726013315901274     
   336.000000000000        10.9293428961387     
 CH  0.000000000000000E+000  0.000000000000000E+000  0.000000000000000E+000
 CH  0.430491406141334       8.844020482637419E-002  -1.47595917267678     
 CH  8.938810858499034E-002   1.35279802118508       0.730443165066891     
   336.000000000000        161.940965790620     
 CH  0.000000000000000E+000  0.000000000000000E+000  0.000000000000000E+000
 CH  0.430491406141334       8.844020482637419E-002  -1.47595917267678     
 CH -7.372137571463780E-003   1.41048802784196       0.618117393683237     
   336.000000000000        1.92835351446005     
 CH  0.000000000000000E+000  0.000000000000000E+000  0.000000000000000E+000
 CH  0.336355949486015       6.401746857857016E-002  -1.50145477419806     
 CH  0.442069561180800        1.25063745846782       0.782355665938573     
   336.000000000000        229.225434354133     
 CH  0.000000000000000E+000  0.000000000000000E+000  0.000000000000000E+000
 CH  0.336355949486015       6.401746857857016E-002  -1.50145477419806     
 CH  0.441789175762435        1.15086885771720       0.922996822306278     
