         100
   343.150000000000        40.8158595600053     
 C2  0.000000000000000E+000  0.000000000000000E+000  0.000000000000000E+000
 C1   1.54000000000000       0.000000000000000E+000  0.000000000000000E+000
 O3 -0.585419211224523      -0.255404296187849        1.25704131180054     
   343.150000000000        452.537900936984     
 C2  0.000000000000000E+000  0.000000000000000E+000  0.000000000000000E+000
 C1   1.54000000000000       0.000000000000000E+000  0.000000000000000E+000
 O3 -0.330862370204554      -0.268889305159122        1.34399721000783     
   343.150000000000        50.6449504454834     
 C2  0.000000000000000E+000  0.000000000000000E+000  0.000000000000000E+000
 C1   1.54000000000000       0.000000000000000E+000  0.000000000000000E+000
 O3 -0.463243873230091      -0.498591955098573        1.23487288543434     
   343.150000000000       0.484611761302432     
 C2  0.000000000000000E+000  0.000000000000000E+000  0.000000000000000E+000
 C1   1.54000000000000       0.000000000000000E+000  0.000000000000000E+000
 O3 -0.521895634112827       -1.03906116877488       0.797544169054801     
   343.150000000000        80.8438897010109     
 C2  0.000000000000000E+000  0.000000000000000E+000  0.000000000000000E+000
 C1   1.54000000000000       0.000000000000000E+000  0.000000000000000E+000
 O3 -0.608409420893585      -0.776784371749031        1.00724569164110     
   343.150000000000        18.8257140682492     
 C2  0.000000000000000E+000  0.000000000000000E+000  0.000000000000000E+000
 C1   1.54000000000000       0.000000000000000E+000  0.000000000000000E+000
 O3 -0.567177678849631       -1.05151763177731       0.748812404832717     
   343.150000000000        40.0344075022642     
 C2  0.000000000000000E+000  0.000000000000000E+000  0.000000000000000E+000
 C1   1.54000000000000       0.000000000000000E+000  0.000000000000000E+000
 O3 -0.470505447319125      -0.901393910064256       0.976838528057362     
   343.150000000000        1.11305433055395     
 C2  0.000000000000000E+000  0.000000000000000E+000  0.000000000000000E+000
 C1   1.54000000000000       0.000000000000000E+000  0.000000000000000E+000
 O3 -0.537719125782361      -0.580005613793456        1.16728381154332     
   343.150000000000        131.999993057835     
 C2  0.000000000000000E+000  0.000000000000000E+000  0.000000000000000E+000
 C1   1.54000000000000       0.000000000000000E+000  0.000000000000000E+000
 O3 -0.422769372745665      -0.465641838963993        1.26196022212653     
   343.150000000000        76.7839299980611     
 C2  0.000000000000000E+000  0.000000000000000E+000  0.000000000000000E+000
 C1   1.54000000000000       0.000000000000000E+000  0.000000000000000E+000
 O3 -0.448054483767786      -0.676955481809077        1.15285659220017     
   343.150000000000        38.6197777622425     
 C2  0.000000000000000E+000  0.000000000000000E+000  0.000000000000000E+000
 C1   1.54000000000000       0.000000000000000E+000  0.000000000000000E+000
 O3 -0.471542074301133      -0.557367210811071        1.20627100248312     
   343.150000000000        45.1758952133653     
 C2  0.000000000000000E+000  0.000000000000000E+000  0.000000000000000E+000
 C1   1.54000000000000       0.000000000000000E+000  0.000000000000000E+000
 O3 -0.466881911088850      -0.323665860890852        1.29048888354258     
   343.150000000000        24.6297537703292     
 C2  0.000000000000000E+000  0.000000000000000E+000  0.000000000000000E+000
 C1   1.54000000000000       0.000000000000000E+000  0.000000000000000E+000
 O3 -0.572742605148246      -0.648918378393839        1.11309061328621     
   343.150000000000        21.7089828591890     
 C2  0.000000000000000E+000  0.000000000000000E+000  0.000000000000000E+000
 C1   1.54000000000000       0.000000000000000E+000  0.000000000000000E+000
 O3 -0.570036747322307       -1.28779681169708      -6.882837670768702E-002
   343.150000000000        276.026295449875     
 C2  0.000000000000000E+000  0.000000000000000E+000  0.000000000000000E+000
 C1   1.54000000000000       0.000000000000000E+000  0.000000000000000E+000
 O3 -0.374841863727489       -1.35768799105282       6.539696555212730E-002
   343.150000000000        135.886278259320     
 C2  0.000000000000000E+000  0.000000000000000E+000  0.000000000000000E+000
 C1   1.54000000000000       0.000000000000000E+000  0.000000000000000E+000
 O3 -0.631752758091803      -0.956681705690903      -0.820821803800871     
   343.150000000000        1.37859737398277     
 C2  0.000000000000000E+000  0.000000000000000E+000  0.000000000000000E+000
 C1   1.54000000000000       0.000000000000000E+000  0.000000000000000E+000
 O3 -0.538792686534987      -0.983446964175989      -0.854771534706565     
   343.150000000000        394.760141693762     
 C2  0.000000000000000E+000  0.000000000000000E+000  0.000000000000000E+000
 C1   1.54000000000000       0.000000000000000E+000  0.000000000000000E+000
 O3 -0.702277174722233      -0.647413080906628       -1.03718992450289     
   343.150000000000        18.6364930099036     
 C2  0.000000000000000E+000  0.000000000000000E+000  0.000000000000000E+000
 C1   1.54000000000000       0.000000000000000E+000  0.000000000000000E+000
 O3 -0.566982524556454      -0.793164819324002       -1.01858738122435     
   343.150000000000       2.703551665475246E-002
 C2  0.000000000000000E+000  0.000000000000000E+000  0.000000000000000E+000
 C1   1.54000000000000       0.000000000000000E+000  0.000000000000000E+000
 O3 -0.526708434316300       -1.06548473583448      -0.758564677452728     
   343.150000000000        121.928103163627     
 C2  0.000000000000000E+000  0.000000000000000E+000  0.000000000000000E+000
 C1   1.54000000000000       0.000000000000000E+000  0.000000000000000E+000
 O3 -0.426925522641766       -1.21394475572575      -0.576344163775572     
   343.150000000000        17.3601676124136     
 C2  0.000000000000000E+000  0.000000000000000E+000  0.000000000000000E+000
 C1   1.54000000000000       0.000000000000000E+000  0.000000000000000E+000
 O3 -0.490312990815979       -1.31507385276266      -0.135180619070339     
   343.150000000000        147.740559614062     
 C2  0.000000000000000E+000  0.000000000000000E+000  0.000000000000000E+000
 C1   1.54000000000000       0.000000000000000E+000  0.000000000000000E+000
 O3 -0.636088663565565       -1.24997907047063      -0.145063442754939     
   343.150000000000       0.614279762514876     
 C2  0.000000000000000E+000  0.000000000000000E+000  0.000000000000000E+000
 C1   1.54000000000000       0.000000000000000E+000  0.000000000000000E+000
 O3 -0.535273169401170       -1.29829610214578       0.126529570565379     
   343.150000000000        114.477257050135     
 C2  0.000000000000000E+000  0.000000000000000E+000  0.000000000000000E+000
 C1   1.54000000000000       0.000000000000000E+000  0.000000000000000E+000
 O3 -0.430109020692600       -1.03040904204347       0.861024566054345     
   343.150000000000        19.2175641098412     
 C2  0.000000000000000E+000  0.000000000000000E+000  0.000000000000000E+000
 C1   1.54000000000000       0.000000000000000E+000  0.000000000000000E+000
 O3 -0.567578680868908       -1.12331025120299       0.635710930785812     
   343.150000000000        886.384585973182     
 C2  0.000000000000000E+000  0.000000000000000E+000  0.000000000000000E+000
 C1   1.54000000000000       0.000000000000000E+000  0.000000000000000E+000
 O3 -0.249778044483571       -1.09255130742110       0.855594784989708     
   343.150000000000        61.2542733974832     
 C2  0.000000000000000E+000  0.000000000000000E+000  0.000000000000000E+000
 C1   1.54000000000000       0.000000000000000E+000  0.000000000000000E+000
 O3 -0.456699808068950      -0.728444111675816        1.11753940799857     
   343.150000000000        62.8309873027978     
 C2  0.000000000000000E+000  0.000000000000000E+000  0.000000000000000E+000
 C1   1.54000000000000       0.000000000000000E+000  0.000000000000000E+000
 O3 -0.599027508069536      -0.843317934453895       0.958165316090906     
   343.150000000000        265.155891436823     
 C2  0.000000000000000E+000  0.000000000000000E+000  0.000000000000000E+000
 C1   1.54000000000000       0.000000000000000E+000  0.000000000000000E+000
 O3 -0.671753116157182      -0.499915599769642        1.13443025832144     
   343.150000000000        5.27046082336698     
 C2  0.000000000000000E+000  0.000000000000000E+000  0.000000000000000E+000
 C1   1.54000000000000       0.000000000000000E+000  0.000000000000000E+000
 O3 -0.507374579365405      -0.418690256031704        1.24714448748854     
   343.150000000000        54.6029727772799     
 C2  0.000000000000000E+000  0.000000000000000E+000  0.000000000000000E+000
 C1   1.54000000000000       0.000000000000000E+000  0.000000000000000E+000
 O3 -0.594281403854974      -0.820616321087810       0.980570412337452     
   343.150000000000        3.33536886772388     
 C2  0.000000000000000E+000  0.000000000000000E+000  0.000000000000000E+000
 C1   1.54000000000000       0.000000000000000E+000  0.000000000000000E+000
 O3 -0.511642700971923       -1.12024162012748       0.686571428207938     
   343.150000000000        13.6382925633475     
 C2  0.000000000000000E+000  0.000000000000000E+000  0.000000000000000E+000
 C1   1.54000000000000       0.000000000000000E+000  0.000000000000000E+000
 O3 -0.561406506804880       -1.11038320067465       0.663303662534606     
   343.150000000000        3.89919549008863     
 C2  0.000000000000000E+000  0.000000000000000E+000  0.000000000000000E+000
 C1   1.54000000000000       0.000000000000000E+000  0.000000000000000E+000
 O3 -0.545997448763272      -0.952205358753768       0.885037630646165     
   343.150000000000        643.777299860864     
 C2  0.000000000000000E+000  0.000000000000000E+000  0.000000000000000E+000
 C1   1.54000000000000       0.000000000000000E+000  0.000000000000000E+000
 O3 -0.291874858522320      -0.592019595993604        1.24596217112612     
   343.150000000000        628.179511591350     
 C2  0.000000000000000E+000  0.000000000000000E+000  0.000000000000000E+000
 C1   1.54000000000000       0.000000000000000E+000  0.000000000000000E+000
 O3 -0.294824329129107      -0.945749175401283        1.00336283523785     
   343.150000000000       0.305348242911061     
 C2  0.000000000000000E+000  0.000000000000000E+000  0.000000000000000E+000
 C1   1.54000000000000       0.000000000000000E+000  0.000000000000000E+000
 O3 -0.533187110306787       -1.21095057959365       0.487247438310017     
   343.150000000000       1.625803065914333E-002
 C2  0.000000000000000E+000  0.000000000000000E+000  0.000000000000000E+000
 C1   1.54000000000000       0.000000000000000E+000  0.000000000000000E+000
 O3 -0.529347816825150       -1.01260043525423       0.826154413109659     
   343.150000000000        97.7289380844098     
 C2  0.000000000000000E+000  0.000000000000000E+000  0.000000000000000E+000
 C1   1.54000000000000       0.000000000000000E+000  0.000000000000000E+000
 O3 -0.616265674524713       -1.15869857375695       0.515494035398458     
   343.150000000000        108.172968298941     
 C2  0.000000000000000E+000  0.000000000000000E+000  0.000000000000000E+000
 C1   1.54000000000000       0.000000000000000E+000  0.000000000000000E+000
 O3 -0.432882553649235      -0.511190874643919        1.24072416410017     
   343.150000000000        301.103097601654     
 C2  0.000000000000000E+000  0.000000000000000E+000  0.000000000000000E+000
 C1   1.54000000000000       0.000000000000000E+000  0.000000000000000E+000
 O3 -0.680896697407724      -0.757066630679253       0.975361302864937     
   343.150000000000        518.587833045561     
 C2  0.000000000000000E+000  0.000000000000000E+000  0.000000000000000E+000
 C1   1.54000000000000       0.000000000000000E+000  0.000000000000000E+000
 O3 -0.726687236694190       -1.14571941304401       0.383865280476128     
   343.150000000000        786.081195293677     
 C2  0.000000000000000E+000  0.000000000000000E+000  0.000000000000000E+000
 C1   1.54000000000000       0.000000000000000E+000  0.000000000000000E+000
 O3 -0.266410143825813       -1.32179458077199       0.412291872905217     
   343.150000000000        276.478372735049     
 C2  0.000000000000000E+000  0.000000000000000E+000  0.000000000000000E+000
 C1   1.54000000000000       0.000000000000000E+000  0.000000000000000E+000
 O3 -0.374714027998026       -1.19166652568848       0.653926720458955     
   343.150000000000        70.3495240006404     
 C2  0.000000000000000E+000  0.000000000000000E+000  0.000000000000000E+000
 C1   1.54000000000000       0.000000000000000E+000  0.000000000000000E+000
 O3 -0.451521616051456       -1.30377700505547       0.290505797329487     
   343.150000000000        51.4524486622247     
 C2  0.000000000000000E+000  0.000000000000000E+000  0.000000000000000E+000
 C1   1.54000000000000       0.000000000000000E+000  0.000000000000000E+000
 O3 -0.462723419637897       -1.16671308471290       0.642469829512238     
   343.150000000000        106.505701878194     
 C2  0.000000000000000E+000  0.000000000000000E+000  0.000000000000000E+000
 C1   1.54000000000000       0.000000000000000E+000  0.000000000000000E+000
 O3 -0.620072270022456       -1.25265152095304       0.185672868126761     
   343.150000000000        219.751731344219     
 C2  0.000000000000000E+000  0.000000000000000E+000  0.000000000000000E+000
 C1   1.54000000000000       0.000000000000000E+000  0.000000000000000E+000
 O3 -0.659206216763534       -1.11002166915751       0.566920562985902     
   343.150000000000        240.350084693542     
 C2  0.000000000000000E+000  0.000000000000000E+000  0.000000000000000E+000
 C1   1.54000000000000       0.000000000000000E+000  0.000000000000000E+000
 O3 -0.665053228125832      -0.964499008011022       0.784567227368271     
   343.150000000000        86.6447905701935     
 C2  0.000000000000000E+000  0.000000000000000E+000  0.000000000000000E+000
 C1   1.54000000000000       0.000000000000000E+000  0.000000000000000E+000
 O3 -0.443006416328404       -1.20545622230348       0.581996974353690     
   343.150000000000        80.2369919403323     
 C2  0.000000000000000E+000  0.000000000000000E+000  0.000000000000000E+000
 C1   1.54000000000000       0.000000000000000E+000  0.000000000000000E+000
 O3 -0.446252491572753       -1.27162491608533       0.414642802314538     
   343.150000000000        775.481068553855     
 C2  0.000000000000000E+000  0.000000000000000E+000  0.000000000000000E+000
 C1   1.54000000000000       0.000000000000000E+000  0.000000000000000E+000
 O3 -0.268226089770802       -1.23748945006902       0.620301936712526     
   343.150000000000        343.050766039592     
 C2  0.000000000000000E+000  0.000000000000000E+000  0.000000000000000E+000
 C1   1.54000000000000       0.000000000000000E+000  0.000000000000000E+000
 O3 -0.690858293670319       -1.08074592908605       0.585493741884613     
   343.150000000000        60.3838596711405     
 C2  0.000000000000000E+000  0.000000000000000E+000  0.000000000000000E+000
 C1   1.54000000000000       0.000000000000000E+000  0.000000000000000E+000
 O3 -0.597651088190345       -1.25045594417288       0.259370344146714     
   343.150000000000        465.213854009734     
 C2  0.000000000000000E+000  0.000000000000000E+000  0.000000000000000E+000
 C1   1.54000000000000       0.000000000000000E+000  0.000000000000000E+000
 O3 -0.328057229848207       -1.26016777535261       0.540791548438351     
   343.150000000000        104.740313699676     
 C2  0.000000000000000E+000  0.000000000000000E+000  0.000000000000000E+000
 C1   1.54000000000000       0.000000000000000E+000  0.000000000000000E+000
 O3 -0.619320022186842       -1.25264927095822      -0.188181776592461     
   343.150000000000        59.9736736635440     
 C2  0.000000000000000E+000  0.000000000000000E+000  0.000000000000000E+000
 C1   1.54000000000000       0.000000000000000E+000  0.000000000000000E+000
 O3 -0.457458431964802       -1.31894560886570      -0.198025581259981     
   343.150000000000        34.7328549216006     
 C2  0.000000000000000E+000  0.000000000000000E+000  0.000000000000000E+000
 C1   1.54000000000000       0.000000000000000E+000  0.000000000000000E+000
 O3 -0.581022497491418       -1.24955024052399      -0.298558069344031     
   343.150000000000        18.3873254751640     
 C2  0.000000000000000E+000  0.000000000000000E+000  0.000000000000000E+000
 C1   1.54000000000000       0.000000000000000E+000  0.000000000000000E+000
 O3 -0.566724006572825       -1.23662617521747      -0.371051842868665     
   343.150000000000        34.0978950225017     
 C2  0.000000000000000E+000  0.000000000000000E+000  0.000000000000000E+000
 C1   1.54000000000000       0.000000000000000E+000  0.000000000000000E+000
 O3 -0.474987731934753       -1.32587438977166       6.740640929668985E-002
   343.150000000000        117.980321761132     
 C2  0.000000000000000E+000  0.000000000000000E+000  0.000000000000000E+000
 C1   1.54000000000000       0.000000000000000E+000  0.000000000000000E+000
 O3 -0.428600066718082       -1.31565188419368      -0.271038686135508     
   343.150000000000        37.5148716054080     
 C2  0.000000000000000E+000  0.000000000000000E+000  0.000000000000000E+000
 C1   1.54000000000000       0.000000000000000E+000  0.000000000000000E+000
 O3 -0.583078288047001       -1.24598314335033      -0.309266201596911     
   343.150000000000        2.96073517020614     
 C2  0.000000000000000E+000  0.000000000000000E+000  0.000000000000000E+000
 C1   1.54000000000000       0.000000000000000E+000  0.000000000000000E+000
 O3 -0.543713536244425       -1.29788522221112      -8.927153760157049E-002
   343.150000000000        208.289539546902     
 C2  0.000000000000000E+000  0.000000000000000E+000  0.000000000000000E+000
 C1   1.54000000000000       0.000000000000000E+000  0.000000000000000E+000
 O3 -0.655826851222604       -1.10705389766458      -0.576561077281747     
   343.150000000000        152.366276498258     
 C2  0.000000000000000E+000  0.000000000000000E+000  0.000000000000000E+000
 C1   1.54000000000000       0.000000000000000E+000  0.000000000000000E+000
 O3 -0.414813016599002       -1.33981454897444      -0.144661683149397     
   343.150000000000        71.1232064397913     
 C2  0.000000000000000E+000  0.000000000000000E+000  0.000000000000000E+000
 C1   1.54000000000000       0.000000000000000E+000  0.000000000000000E+000
 O3 -0.603497815238143       -1.07283255867523      -0.687692194956668     
   343.150000000000        4.05992340838017     
 C2  0.000000000000000E+000  0.000000000000000E+000  0.000000000000000E+000
 C1   1.54000000000000       0.000000000000000E+000  0.000000000000000E+000
 O3 -0.546359604907410       -1.12897742771948      -0.644205725510482     
   343.150000000000        30.9647948579395     
 C2  0.000000000000000E+000  0.000000000000000E+000  0.000000000000000E+000
 C1   1.54000000000000       0.000000000000000E+000  0.000000000000000E+000
 O3 -0.477509167922283       -1.30099845062711      -0.259784320102640     
   343.150000000000        65.3912930387491     
 C2  0.000000000000000E+000  0.000000000000000E+000  0.000000000000000E+000
 C1   1.54000000000000       0.000000000000000E+000  0.000000000000000E+000
 O3 -0.600438464503376       -1.26176104921150      -0.188500854090085     
   343.150000000000        101.725904030453     
 C2  0.000000000000000E+000  0.000000000000000E+000  0.000000000000000E+000
 C1   1.54000000000000       0.000000000000000E+000  0.000000000000000E+000
 O3 -0.435801836889360       -1.27891097359892       0.403191452696220     
   343.150000000000        325.957209456289     
 C2  0.000000000000000E+000  0.000000000000000E+000  0.000000000000000E+000
 C1   1.54000000000000       0.000000000000000E+000  0.000000000000000E+000
 O3 -0.686882260341802       -1.05481517674887       0.635340515222468     
   343.150000000000        267.557219306546     
 C2  0.000000000000000E+000  0.000000000000000E+000  0.000000000000000E+000
 C1   1.54000000000000       0.000000000000000E+000  0.000000000000000E+000
 O3 -0.672383725006087       -1.15474616009819       0.450068104891466     
   343.150000000000        92.4485358503528     
 C2  0.000000000000000E+000  0.000000000000000E+000  0.000000000000000E+000
 C1   1.54000000000000       0.000000000000000E+000  0.000000000000000E+000
 O3 -0.613889868112158      -0.620402230729261        1.10740244215487     
   343.150000000000        43.2477023957808     
 C2  0.000000000000000E+000  0.000000000000000E+000  0.000000000000000E+000
 C1   1.54000000000000       0.000000000000000E+000  0.000000000000000E+000
 O3 -0.587082549954272      -0.466506461206328        1.19407104819902     
   343.150000000000        1.68009668742173     
 C2  0.000000000000000E+000  0.000000000000000E+000  0.000000000000000E+000
 C1   1.54000000000000       0.000000000000000E+000  0.000000000000000E+000
 O3 -0.539892234283833      -0.409172499995043        1.23660588206712     
   343.150000000000        6.25333965270099     
 C2  0.000000000000000E+000  0.000000000000000E+000  0.000000000000000E+000
 C1   1.54000000000000       0.000000000000000E+000  0.000000000000000E+000
 O3 -0.550722785749765      -0.309617558765373        1.26053212871206     
   343.150000000000        42.8767283007133     
 C2  0.000000000000000E+000  0.000000000000000E+000  0.000000000000000E+000
 C1   1.54000000000000       0.000000000000000E+000  0.000000000000000E+000
 O3 -0.468475752548279      -0.158327628413623        1.32044034257910     
   343.150000000000        4.19208999836780     
 C2  0.000000000000000E+000  0.000000000000000E+000  0.000000000000000E+000
 C1   1.54000000000000       0.000000000000000E+000  0.000000000000000E+000
 O3 -0.509632633758280      -0.246401853463583        1.29137932931168     
   343.150000000000        6.23635028314630     
 C2  0.000000000000000E+000  0.000000000000000E+000  0.000000000000000E+000
 C1   1.54000000000000       0.000000000000000E+000  0.000000000000000E+000
 O3 -0.505540762653660      -0.385297610370798        1.25860007774244     
   343.150000000000        68.9188692178321     
 C2  0.000000000000000E+000  0.000000000000000E+000  0.000000000000000E+000
 C1   1.54000000000000       0.000000000000000E+000  0.000000000000000E+000
 O3 -0.452313377977535      -0.999250942168382       0.886007917364922     
   343.150000000000        3.74167785416709     
 C2  0.000000000000000E+000  0.000000000000000E+000  0.000000000000000E+000
 C1   1.54000000000000       0.000000000000000E+000  0.000000000000000E+000
 O3 -0.545635166998311       -1.21985675765863       0.449812874742899     
   343.150000000000        107.159201403884     
 C2  0.000000000000000E+000  0.000000000000000E+000  0.000000000000000E+000
 C1   1.54000000000000       0.000000000000000E+000  0.000000000000000E+000
 O3 -0.433335849813744       -1.30062874256844       0.329673751193817     
   343.150000000000        298.811305386397     
 C2  0.000000000000000E+000  0.000000000000000E+000  0.000000000000000E+000
 C1   1.54000000000000       0.000000000000000E+000  0.000000000000000E+000
 O3 -0.368520066915527       -1.36097055921568       7.208618724806324E-003
   343.150000000000        15.2517142229019     
 C2  0.000000000000000E+000  0.000000000000000E+000  0.000000000000000E+000
 C1   1.54000000000000       0.000000000000000E+000  0.000000000000000E+000
 O3 -0.492700191111701       -1.31776959134725      -9.396644483096438E-002
   343.150000000000        25.8372907301420     
 C2  0.000000000000000E+000  0.000000000000000E+000  0.000000000000000E+000
 C1   1.54000000000000       0.000000000000000E+000  0.000000000000000E+000
 O3 -0.481924586834490       -1.32506564110383      -7.043175823142088E-003
   343.150000000000        53.6606661643232     
 C2  0.000000000000000E+000  0.000000000000000E+000  0.000000000000000E+000
 C1   1.54000000000000       0.000000000000000E+000  0.000000000000000E+000
 O3 -0.593715102107989       -1.27646794172807       7.894199278313732E-002
   343.150000000000        760.659633028136     
 C2  0.000000000000000E+000  0.000000000000000E+000  0.000000000000000E+000
 C1   1.54000000000000       0.000000000000000E+000  0.000000000000000E+000
 O3 -0.270785357437684       -1.33519278100507       0.363366749585687     
   343.150000000000        42.8670387507658     
 C2  0.000000000000000E+000  0.000000000000000E+000  0.000000000000000E+000
 C1   1.54000000000000       0.000000000000000E+000  0.000000000000000E+000
 O3 -0.586825392893803       -1.24622414162772      -0.301100006699508     
   343.150000000000        3.52339181902811     
 C2  0.000000000000000E+000  0.000000000000000E+000  0.000000000000000E+000
 C1   1.54000000000000       0.000000000000000E+000  0.000000000000000E+000
 O3 -0.511181364222832       -1.31370193759038      -3.131611402688353E-002
   343.150000000000        258.853966092577     
 C2  0.000000000000000E+000  0.000000000000000E+000  0.000000000000000E+000
 C1   1.54000000000000       0.000000000000000E+000  0.000000000000000E+000
 O3 -0.670083626653419       -1.24047876177939      -1.732748742410118E-002
   343.150000000000        226.977737950630     
 C2  0.000000000000000E+000  0.000000000000000E+000  0.000000000000000E+000
 C1   1.54000000000000       0.000000000000000E+000  0.000000000000000E+000
 O3 -0.661289071035826       -1.22006783316538      -0.249461648272594     
   343.150000000000        1.90557967019596     
 C2  0.000000000000000E+000  0.000000000000000E+000  0.000000000000000E+000
 C1   1.54000000000000       0.000000000000000E+000  0.000000000000000E+000
 O3 -0.540650953771554       -1.28900529363982       0.185099341191686     
   343.150000000000        781.823946045986     
 C2  0.000000000000000E+000  0.000000000000000E+000  0.000000000000000E+000
 C1   1.54000000000000       0.000000000000000E+000  0.000000000000000E+000
 O3 -0.267138043527198       -1.38393049916125      -3.838627550217293E-002
   343.150000000000       0.594583255484061     
 C2  0.000000000000000E+000  0.000000000000000E+000  0.000000000000000E+000
 C1   1.54000000000000       0.000000000000000E+000  0.000000000000000E+000
 O3 -0.521216644101324       -1.26138432572726       0.354037652907872     
   343.150000000000        113.648683228346     
 C2  0.000000000000000E+000  0.000000000000000E+000  0.000000000000000E+000
 C1   1.54000000000000       0.000000000000000E+000  0.000000000000000E+000
 O3 -0.623051954582911       -1.19615876277463       0.411230279871326     
   343.150000000000        97.5537576757903     
 C2  0.000000000000000E+000  0.000000000000000E+000  0.000000000000000E+000
 C1   1.54000000000000       0.000000000000000E+000  0.000000000000000E+000
 O3 -0.437739438697325       -1.14944245512024       0.689395454823477     
   343.150000000000        26.4762910158066     
 C2  0.000000000000000E+000  0.000000000000000E+000  0.000000000000000E+000
 C1   1.54000000000000       0.000000000000000E+000  0.000000000000000E+000
 O3 -0.481352083229181      -0.723897978097176        1.11012240596833     
   343.150000000000        19.7550385217973     
 C2  0.000000000000000E+000  0.000000000000000E+000  0.000000000000000E+000
 C1   1.54000000000000       0.000000000000000E+000  0.000000000000000E+000
 O3 -0.487769569001791       -1.27391391368802       0.356824964125333     
   343.150000000000        52.3375479969052     
 C2  0.000000000000000E+000  0.000000000000000E+000  0.000000000000000E+000
 C1   1.54000000000000       0.000000000000000E+000  0.000000000000000E+000
 O3 -0.592911282393267       -1.20514012018167       0.429177549383067     
