         100
   354.000000000000        5.96174783266463     
 C5  0.000000000000000E+000  0.000000000000000E+000  0.000000000000000E+000
 C4   1.44378660598279       0.414552482621212       0.339450254878822     
 C6 -0.394284276266018       -1.36350515005886       0.597489336383472     
   354.000000000000        941.021744042825     
 C5  0.000000000000000E+000  0.000000000000000E+000  0.000000000000000E+000
 C4   1.49309252299310       0.186333485092055       0.327955103810813     
 C6 -0.326324599732269       -1.36911596409890       0.625006899400906     
   354.000000000000        13.6375320609245     
 C5  0.000000000000000E+000  0.000000000000000E+000  0.000000000000000E+000
 C4   1.42172311238600       0.358489607318806       0.470944363117212     
 C6 -0.421100919256534       -1.42285547827767       0.412014800190645     
   354.000000000000        6.87067136633201     
 C5  0.000000000000000E+000  0.000000000000000E+000  0.000000000000000E+000
 C4   1.41895287230470       0.500168558877976       0.328639861989014     
 C6 -0.236588836018606       -1.49914650165616       0.261123306280920     
   354.000000000000        109.375913540138     
 C5  0.000000000000000E+000  0.000000000000000E+000  0.000000000000000E+000
 C4   1.19188500191168       0.627898257102676       0.746159447400770     
 C6 -8.242879800116687E-002  -1.50840402058306       0.299203435455802     
   354.000000000000        198.015363772002     
 C5  0.000000000000000E+000  0.000000000000000E+000  0.000000000000000E+000
 C4  0.923528988812209       0.654024344011344        1.04448377884198     
 C6 -0.271047440131918       -1.45841578388998       0.413710742352806     
   354.000000000000        15.7630058038118     
 C5  0.000000000000000E+000  0.000000000000000E+000  0.000000000000000E+000
 C4   1.07832120758724       0.801249667298925       0.752876048178548     
 C6 -0.351136711462595       -1.37006273479416       0.609287292195707     
   354.000000000000        449.131465804595     
 C5  0.000000000000000E+000  0.000000000000000E+000  0.000000000000000E+000
 C4  0.975944683166879       0.634314798143032        1.00835346593100     
 C6 -0.529290651720950       -1.28870921231054       0.656262039086799     
   354.000000000000        8.43791479859289     
 C5  0.000000000000000E+000  0.000000000000000E+000  0.000000000000000E+000
 C4   1.10549948167793       0.741872014015678       0.774013443571972     
 C6 -0.325906372165229       -1.38252530752670       0.594986304438952     
   354.000000000000        538.960033353623     
 C5  0.000000000000000E+000  0.000000000000000E+000  0.000000000000000E+000
 C4  0.717457343982205       0.839645621766447        1.07324283804479     
 C6 -0.373514348748832       -1.47684404648034       0.225872941039664     
   354.000000000000        150.321382288218     
 C5  0.000000000000000E+000  0.000000000000000E+000  0.000000000000000E+000
 C4  0.866673703270188       0.882256185744436       0.917660457236562     
 C6 -0.215059804520503       -1.47358286074313       0.392304377802868     
   354.000000000000        64.7787130242745     
 C5  0.000000000000000E+000  0.000000000000000E+000  0.000000000000000E+000
 C4   1.07937056466169       0.858616277755443       0.685081945255661     
 C6  0.253326981650907       -1.50095313114694       0.233591588691542     
   354.000000000000        109.289550322385     
 C5  0.000000000000000E+000  0.000000000000000E+000  0.000000000000000E+000
 C4   1.05890102759046       0.776702371138578       0.804401666106912     
 C6  0.333772276379499       -1.44483864182481      -0.415496400044458     
   354.000000000000        642.539078347096     
 C5  0.000000000000000E+000  0.000000000000000E+000  0.000000000000000E+000
 C4   1.22293204855922       0.728140492165564       0.588088962892218     
 C6  1.387199895078021E-002  -1.49301304201443      -0.377252588936824     
   354.000000000000        149.800977299294     
 C5  0.000000000000000E+000  0.000000000000000E+000  0.000000000000000E+000
 C4   1.22659514281684       0.838733568514608       0.404463047341641     
 C6  0.463908585421872       -1.34454253543209      -0.590418569004509     
   354.000000000000        287.466339507287     
 C5  0.000000000000000E+000  0.000000000000000E+000  0.000000000000000E+000
 C4   1.12318184748229       0.700922914028204       0.786619098469188     
 C6  0.336918483335531       -1.15724381461194      -0.958578416703033     
   354.000000000000        213.377002697916     
 C5  0.000000000000000E+000  0.000000000000000E+000  0.000000000000000E+000
 C4  0.748362738232798       0.477119108030492        1.25853508841704     
 C6  0.357650546269151       -1.36636924457001      -0.613776071614212     
   354.000000000000        502.980577932009     
 C5  0.000000000000000E+000  0.000000000000000E+000  0.000000000000000E+000
 C4  0.584680765512059       0.301883371500689        1.39234149275657     
 C6  7.209333348250055E-002  -1.52899282151887      -0.169066243971908     
   354.000000000000        189.898799209168     
 C5  0.000000000000000E+000  0.000000000000000E+000  0.000000000000000E+000
 C4  0.490386120867912       0.316668820760391        1.42507624722972     
 C6 -0.474753191474104       -1.46392657721291      -5.593098921409910E-002
   354.000000000000        5.65437503462454     
 C5  0.000000000000000E+000  0.000000000000000E+000  0.000000000000000E+000
 C4  0.711953375755432       0.374734602017878        1.31312465851531     
 C6  0.113204314697025       -1.49671434920184      -0.344428268100777     
   354.000000000000        4.01629101796524     
 C5  0.000000000000000E+000  0.000000000000000E+000  0.000000000000000E+000
 C4  0.634460284816959       0.302939319645446        1.37014156772311     
 C6 -0.149206454117595       -1.50656781927594      -0.282118294003411     
   354.000000000000        330.495662876035     
 C5  0.000000000000000E+000  0.000000000000000E+000  0.000000000000000E+000
 C4  0.634460284816959       0.302939319645446        1.37014156772311     
 C6 -0.283811260273124       -1.45276386107147      -0.424886131035738     
   354.000000000000        22.0193153074252     
 C5  0.000000000000000E+000  0.000000000000000E+000  0.000000000000000E+000
 C4  0.621756239669074       0.316111910416095        1.37298668548739     
 C6 -0.162539742197889       -1.49535139658684      -0.330310346146831     
   354.000000000000        1.49643438243628     
 C5  0.000000000000000E+000  0.000000000000000E+000  0.000000000000000E+000
 C4  0.569691981039334       0.388780961498959        1.37691699485315     
 C6 -7.137236661086414E-002  -1.51713348733097      -0.254581732932581     
   354.000000000000        107.661005739860     
 C5  0.000000000000000E+000  0.000000000000000E+000  0.000000000000000E+000
 C4  0.729370171158314       0.443627828487670        1.28172286521533     
 C6  0.119741622893077       -1.52441507759000      -0.182812764332269     
   354.000000000000        556.998900998474     
 C5  0.000000000000000E+000  0.000000000000000E+000  0.000000000000000E+000
 C4  0.625282795572945       0.304554343541279        1.37399711695135     
 C6  0.253226403386755       -1.49873485414635      -0.247528013433530     
   354.000000000000        690.110705495791     
 C5  0.000000000000000E+000  0.000000000000000E+000  0.000000000000000E+000
 C4  0.289903432927210       0.174814429380020        1.50233016173461     
 C6  0.612595445977745       -1.36660500548617      -0.358772170586143     
   354.000000000000        14.7153491409435     
 C5  0.000000000000000E+000  0.000000000000000E+000  0.000000000000000E+000
 C4  0.339681648953576       0.229622756651752        1.48441563148325     
 C6  0.687671611154599       -1.21277162954248      -0.654135017888913     
   354.000000000000        136.593011477099     
 C5  0.000000000000000E+000  0.000000000000000E+000  0.000000000000000E+000
 C4  0.528571894017800       0.285014877633082        1.41808965597463     
 C6  0.825158082305334       -1.12681260871061      -0.648850811740715     
   354.000000000000        4.78962540800000     
 C5  0.000000000000000E+000  0.000000000000000E+000  0.000000000000000E+000
 C4  0.555280432114094       0.279873418209698        1.40887703916658     
 C6  0.953234068278731      -0.777166189779101      -0.926799555662728     
   354.000000000000        7.25653106792488     
 C5  0.000000000000000E+000  0.000000000000000E+000  0.000000000000000E+000
 C4  0.555280432114094       0.279873418209698        1.40887703916658     
 C6  0.913519535680918      -0.851445192128956      -0.901178691808357     
   354.000000000000        4.27132652676601     
 C5  0.000000000000000E+000  0.000000000000000E+000  0.000000000000000E+000
 C4  0.512306022353375       0.116269576613754        1.44762699788810     
 C6  0.902144778273750      -0.822573223745283      -0.938673522823732     
   354.000000000000        26.1250735374003     
 C5  0.000000000000000E+000  0.000000000000000E+000  0.000000000000000E+000
 C4  0.586540068195308       0.197169206717985        1.41021099567534     
 C6  0.917408751635314      -0.851100679868374      -0.897545935866317     
   354.000000000000        31.4900438178552     
 C5  0.000000000000000E+000  0.000000000000000E+000  0.000000000000000E+000
 C4  0.687430353290579       0.160243960576172        1.36870792445783     
 C6  0.672736767836087      -0.976039891071240      -0.983041842486225     
   354.000000000000        315.844647150048     
 C5  0.000000000000000E+000  0.000000000000000E+000  0.000000000000000E+000
 C4  0.817702347867970       0.382205272316239        1.24775077643930     
 C6  0.939199700016097      -0.749396872962566      -0.963279887739393     
   354.000000000000        501.314361486288     
 C5  0.000000000000000E+000  0.000000000000000E+000  0.000000000000000E+000
 C4  0.758190528371588       0.327609802315963        1.29977649621545     
 C6  0.903973346208549      -0.966185802480899      -0.787982916228821     
   354.000000000000        172.675244137732     
 C5  0.000000000000000E+000  0.000000000000000E+000  0.000000000000000E+000
 C4   1.08173030144640       0.715645806359762       0.830247333493082     
 C6  0.646437588944324       -1.14658774760446      -0.799409077058040     
   354.000000000000        371.047290492392     
 C5  0.000000000000000E+000  0.000000000000000E+000  0.000000000000000E+000
 C4  0.873858508655391       0.371441203495493        1.21243669492324     
 C6  0.561537610904798      -0.867243275143019       -1.14200022114628     
   354.000000000000        10.4395386375638     
 C5  0.000000000000000E+000  0.000000000000000E+000  0.000000000000000E+000
 C4  0.877890648206775       0.413221136327581        1.19589142579217     
 C6  0.703956164797931      -0.867866468403722       -1.05964777303737     
   354.000000000000        52.1432961141422     
 C5  0.000000000000000E+000  0.000000000000000E+000  0.000000000000000E+000
 C4  0.877890648206775       0.413221136327581        1.19589142579217     
 C6  0.795973068651152      -0.834439232362927       -1.02065563894746     
   354.000000000000        507.426306562154     
 C5  0.000000000000000E+000  0.000000000000000E+000  0.000000000000000E+000
 C4  0.877890648206775       0.413221136327581        1.19589142579217     
 C6  0.601616578585423      -0.591242820513013       -1.28844453175238     
   354.000000000000        140.382764676895     
 C5  0.000000000000000E+000  0.000000000000000E+000  0.000000000000000E+000
 C4  0.905399200780615       0.133249376747851        1.23858665051022     
 C6  0.738301776071777      -0.779430503112428       -1.10408263735410     
   354.000000000000        513.821429043480     
 C5  0.000000000000000E+000  0.000000000000000E+000  0.000000000000000E+000
 C4   1.24181204903482       0.264639778277571       0.871474969591863     
 C6  0.534580188659716      -0.402772445200288       -1.38693845253477     
   354.000000000000        54.3763385807949     
 C5  0.000000000000000E+000  0.000000000000000E+000  0.000000000000000E+000
 C4   1.26800879218200       0.169208876650693       0.857392593280211     
 C6  0.350846758356019      -0.349115371127192       -1.45829520387109     
   354.000000000000        201.341942185110     
 C5  0.000000000000000E+000  0.000000000000000E+000  0.000000000000000E+000
 C4   1.11416798451006       0.289336465422180        1.02299272337089     
 C6  0.639419416838653      -0.506221004703998       -1.30632423065861     
   354.000000000000        92.3404861865802     
 C5  0.000000000000000E+000  0.000000000000000E+000  0.000000000000000E+000
 C4   1.05002018304183       0.172265979391089        1.11327536914693     
 C6  0.489667268459168      -0.529048953001577       -1.36085747356852     
   354.000000000000       0.874497298564393     
 C5  0.000000000000000E+000  0.000000000000000E+000  0.000000000000000E+000
 C4   1.12086697755338       0.394659757482622       0.979541165267752     
 C6  0.499993396542511      -0.505461405369711       -1.36605829412041     
   354.000000000000        284.014875585320     
 C5  0.000000000000000E+000  0.000000000000000E+000  0.000000000000000E+000
 C4   1.19311178678459       0.224058528119094       0.947566377734453     
 C6  0.245807560857078      -0.282034522943753       -1.49386581148810     
   354.000000000000        48.2897692702789     
 C5  0.000000000000000E+000  0.000000000000000E+000  0.000000000000000E+000
 C4   1.22633563265367       0.231026557050241       0.902401045002405     
 C6  0.286191043216827      -0.441794297117203       -1.44724302646680     
   354.000000000000        80.4289714680990     
 C5  0.000000000000000E+000  0.000000000000000E+000  0.000000000000000E+000
 C4   1.13327102446424       0.542381564239093       0.890572301322757     
 C6  0.395988690385132      -0.563778701406138       -1.37729678165873     
   354.000000000000        64.2471250481411     
 C5  0.000000000000000E+000  0.000000000000000E+000  0.000000000000000E+000
 C4   1.23969047018230       0.565726729073493       0.717440454777261     
 C6  0.102124086167912      -0.182184351127259       -1.52577174736863     
   354.000000000000        228.532361429300     
 C5  0.000000000000000E+000  0.000000000000000E+000  0.000000000000000E+000
 C4   1.36328735318075       0.368630387668440       0.614132909022828     
 C6  0.233522874255763      -0.561141720933835       -1.41498654695596     
   354.000000000000        210.819987199983     
 C5  0.000000000000000E+000  0.000000000000000E+000  0.000000000000000E+000
 C4   1.25823709760324       0.484738163589866       0.743954514049414     
 C6  0.410397696210496       -1.07614216594963       -1.02229724711063     
   354.000000000000        26.6664658621675     
 C5  0.000000000000000E+000  0.000000000000000E+000  0.000000000000000E+000
 C4   1.31611064724600       0.422391970362189       0.678997634443048     
 C6  0.240225466091411      -0.677059012694222       -1.36216104430067     
   354.000000000000        60.8480925020511     
 C5  0.000000000000000E+000  0.000000000000000E+000  0.000000000000000E+000
 C4   1.09527723772483       0.140081111654269        1.07347336002323     
 C6  0.438325634255331      -0.959563136543414       -1.12192206377326     
   354.000000000000        199.647211462924     
 C5  0.000000000000000E+000  0.000000000000000E+000  0.000000000000000E+000
 C4   1.27087338085205      -5.026693616182499E-003  0.869744549964508     
 C6  9.650238512295466E-002  -1.13686484695607       -1.03432369269043     
   354.000000000000       4.244879874965779E-002
 C5  0.000000000000000E+000  0.000000000000000E+000  0.000000000000000E+000
 C4   1.25075587018428       4.603993588230601E-002  0.897268119072281     
 C6 -7.448967736390814E-002  -1.23962576444912      -0.910702555129699     
   354.000000000000        2.07978790815025     
 C5  0.000000000000000E+000  0.000000000000000E+000  0.000000000000000E+000
 C4   1.01111901296896      -0.241467181937530        1.13619185952894     
 C6 -0.235550894524075       -1.23785099879433      -0.885347712885959     
   354.000000000000        58.5866022882170     
 C5  0.000000000000000E+000  0.000000000000000E+000  0.000000000000000E+000
 C4  0.429937444823146      -0.171499002022778        1.46878925848610     
 C6 -0.319968339864748       -1.35848823776869      -0.650945359587065     
   354.000000000000        29.3910268191962     
 C5  0.000000000000000E+000  0.000000000000000E+000  0.000000000000000E+000
 C4  0.932327369067501      -0.553755892947981        1.09348986639706     
 C6 -0.819943990444801       -1.11256146795621      -0.679336974109464     
   354.000000000000        199.335157176626     
 C5  0.000000000000000E+000  0.000000000000000E+000  0.000000000000000E+000
 C4  0.777132574264174      -0.602933051342692        1.18496274102443     
 C6 -0.819943990444801       -1.11256146795621      -0.679336974109464     
   354.000000000000       4.262549322422160E-002
 C5  0.000000000000000E+000  0.000000000000000E+000  0.000000000000000E+000
 C4   1.10694431527590      -0.716398166223363       0.795643104859319     
 C6 -0.401105555750119      -0.716406217488517       -1.30287234851685     
   354.000000000000        1.30728358169963     
 C5  0.000000000000000E+000  0.000000000000000E+000  0.000000000000000E+000
 C4   1.00734630825296      -0.766476736608826       0.877135581017329     
 C6 -0.786875233774136      -0.883640126292564      -0.985701468761297     
   354.000000000000        210.750127465952     
 C5  0.000000000000000E+000  0.000000000000000E+000  0.000000000000000E+000
 C4  0.591470764166398      -0.659268624025364        1.25981237353509     
 C6 -0.699430064345273      -0.882370006110876       -1.05062869237684     
   354.000000000000        60.0394000086177     
 C5  0.000000000000000E+000  0.000000000000000E+000  0.000000000000000E+000
 C4  0.821079801392977      -0.909463028372438       0.932901366580680     
 C6 -0.949902618330903      -0.699299233570936      -0.990083577004898     
   354.000000000000        168.185445137451     
 C5  0.000000000000000E+000  0.000000000000000E+000  0.000000000000000E+000
 C4  0.597715339594495      -0.788206888571827        1.18028228556619     
 C6 -0.521321940036949      -0.781677082459801       -1.22016567130569     
   354.000000000000        133.749663148497     
 C5  0.000000000000000E+000  0.000000000000000E+000  0.000000000000000E+000
 C4  0.860060162632128      -0.921859174693540       0.884348448682158     
 C6 -0.521321940036949      -0.781677082459801       -1.22016567130569     
   354.000000000000        87.7095635692531     
 C5  0.000000000000000E+000  0.000000000000000E+000  0.000000000000000E+000
 C4   1.03435882689296      -0.889068141809313       0.715024234867844     
 C6 -0.276365704226657      -0.523315827076987       -1.42174626234700     
   354.000000000000        184.006196415846     
 C5  0.000000000000000E+000  0.000000000000000E+000  0.000000000000000E+000
 C4  0.963639323802846      -0.674714058323159       0.993861254462555     
 C6 -0.626906187156869      -0.850815580456992       -1.12013453316809     
   354.000000000000        6.49584834128066     
 C5  0.000000000000000E+000  0.000000000000000E+000  0.000000000000000E+000
 C4  0.814174103288836      -0.732678035409310        1.08254488404064     
 C6 -0.745998354796548      -0.920010423161852      -0.984208904528917     
   354.000000000000        13.4166460004243     
 C5  0.000000000000000E+000  0.000000000000000E+000  0.000000000000000E+000
 C4  0.476409308227000      -0.517337010117006        1.37003525100556     
 C6 -0.619694499538610       -1.06321753632910      -0.925822385516515     
   354.000000000000       0.979960935481550     
 C5  0.000000000000000E+000  0.000000000000000E+000  0.000000000000000E+000
 C4  0.355203620643574      -0.529191300157621        1.40192259262742     
 C6 -0.348757538075622       -1.10979560715570       -1.00911930999905     
   354.000000000000        229.510436315886     
 C5  0.000000000000000E+000  0.000000000000000E+000  0.000000000000000E+000
 C4  0.775478668476327      -0.628079087775486        1.17292348183387     
 C6 -0.348757538075622       -1.10979560715570       -1.00911930999905     
   354.000000000000        123.799890416046     
 C5  0.000000000000000E+000  0.000000000000000E+000  0.000000000000000E+000
 C4  0.977019494362946      -0.575624006354637        1.04196444802258     
 C6 -0.368927952944675       -1.08194937521761       -1.03192907064483     
   354.000000000000        30.4644166217731     
 C5  0.000000000000000E+000  0.000000000000000E+000  0.000000000000000E+000
 C4  0.865137736593886      -0.808065708203086       0.984970308155252     
 C6  -1.01220735500669      -0.890194159228577      -0.744708346391594     
   354.000000000000        9.32657027051940     
 C5  0.000000000000000E+000  0.000000000000000E+000  0.000000000000000E+000
 C4   1.24362798409282      -0.664299603262142       0.619431573530924     
 C6  -1.17118633733942      -0.955101898263041      -0.296146617410055     
   354.000000000000        108.118348116928     
 C5  0.000000000000000E+000  0.000000000000000E+000  0.000000000000000E+000
 C4   1.28507446910738      -0.749349877926899       0.398319431234925     
 C6  -1.33148053779417      -0.769591061940491       8.055474347474927E-002
   354.000000000000        53.4217687689352     
 C5  0.000000000000000E+000  0.000000000000000E+000  0.000000000000000E+000
 C4   1.09680458159887      -0.555221490825617       0.927549894026783     
 C6  -1.27310742862090      -0.853373067385653      -0.150172483800137     
   354.000000000000        6.67510089007006     
 C5  0.000000000000000E+000  0.000000000000000E+000  0.000000000000000E+000
 C4  0.752955545546067      -0.442444954108283        1.26842438048767     
 C6  -1.21139393793656      -0.874362110126442      -0.373651601556050     
   354.000000000000        3.85092318345811     
 C5  0.000000000000000E+000  0.000000000000000E+000  0.000000000000000E+000
 C4   1.08710293398262      -0.520456325606893       0.958609630695494     
 C6  -1.23876759294355      -0.906838165888785      -0.121240601284912     
   354.000000000000       2.194716344434688E-004
 C5  0.000000000000000E+000  0.000000000000000E+000  0.000000000000000E+000
 C4   1.11222176590127      -0.743779087487874       0.762466663186766     
 C6  -1.37855436480814      -0.681688680735485       8.054996998855854E-002
   354.000000000000        51.3036871592500     
 C5  0.000000000000000E+000  0.000000000000000E+000  0.000000000000000E+000
 C4  0.714785741906666      -0.239797205669158        1.34282487440477     
 C6  -1.42898067973557      -0.559535784809576      -0.128583880403442     
   354.000000000000        7.09627642562060     
 C5  0.000000000000000E+000  0.000000000000000E+000  0.000000000000000E+000
 C4  0.965599901565324      -0.349240178514134        1.14771430583070     
 C6  -1.39247675030096      -0.649730345391469       0.102268616830286     
   354.000000000000        180.263294999503     
 C5  0.000000000000000E+000  0.000000000000000E+000  0.000000000000000E+000
 C4  0.949921696852765      -0.438646365607981        1.12997262612298     
 C6  -1.35793295517321      -0.704505383098732       0.176890209675568     
   354.000000000000        4.80441604701696     
 C5  0.000000000000000E+000  0.000000000000000E+000  0.000000000000000E+000
 C4   1.10597419079780      -7.167583584601325E-002   1.06924443596632     
 C6  -1.23259407995773      -0.857138497044394       0.342965483361288     
   354.000000000000       0.708358502837953     
 C5  0.000000000000000E+000  0.000000000000000E+000  0.000000000000000E+000
 C4   1.25610648756757      -0.255953576295225       0.853395722201809     
 C6  -1.27272732122990      -0.692192024361275       0.522144864041784     
   354.000000000000        136.034137737056     
 C5  0.000000000000000E+000  0.000000000000000E+000  0.000000000000000E+000
 C4   1.39306201802974      -0.546515585243769       0.363729197355082     
 C6  -1.23304900750500      -0.683831513215094       0.619325841915631     
   354.000000000000        1.50421136232088     
 C5  0.000000000000000E+000  0.000000000000000E+000  0.000000000000000E+000
 C4   1.36973181403111      -0.617665312843470       0.337526767740011     
 C6  -1.15736851572919      -0.492726831127982       0.888435861795891     
   354.000000000000        14.3307832007666     
 C5  0.000000000000000E+000  0.000000000000000E+000  0.000000000000000E+000
 C4   1.40209418636195      -0.476495604865787       0.422710102923513     
 C6  -1.10173804809659      -0.463275365401853       0.971158638445699     
   354.000000000000        193.977653996253     
 C5  0.000000000000000E+000  0.000000000000000E+000  0.000000000000000E+000
 C4   1.47788499844791      -0.395468053169151       0.176241170800711     
 C6  -1.01046370263912      -0.384575861087949        1.09666056943656     
   354.000000000000        61.8228701468775     
 C5  0.000000000000000E+000  0.000000000000000E+000  0.000000000000000E+000
 C4   1.37647971769100      -0.682693265313389      -0.104084063530672     
 C6 -0.726898830565811      -0.105948672063731        1.35351130798734     
   354.000000000000        179.209074005021     
 C5  0.000000000000000E+000  0.000000000000000E+000  0.000000000000000E+000
 C4   1.22631528746855      -0.918825028873596      -0.153334216782681     
 C6 -0.734734939852728       3.542048603828214E-002   1.35296335839816     
   354.000000000000        12.8394911424286     
 C5  0.000000000000000E+000  0.000000000000000E+000  0.000000000000000E+000
 C4   1.08684806420874       -1.09038108017735       3.782043517704482E-002
 C6 -0.900307470035577      -1.378083767816804E-002   1.24934240292669     
   354.000000000000        36.6968136374202     
 C5  0.000000000000000E+000  0.000000000000000E+000  0.000000000000000E+000
 C4   1.38717960064129      -0.553600469422755       0.375312237769534     
 C6 -0.883376007398115       0.222449129514606        1.24167753711307     
   354.000000000000        127.183375691581     
 C5  0.000000000000000E+000  0.000000000000000E+000  0.000000000000000E+000
 C4   1.46418734742126      -0.429062257440964       0.208952125835460     
 C6 -0.789344207651599       0.498489306556699        1.22476284436421     
   354.000000000000        1.09287536820221     
 C5  0.000000000000000E+000  0.000000000000000E+000  0.000000000000000E+000
 C4   1.44070754963765      -0.541272641685357       5.464141085325058E-002
 C6 -0.629785452551239       0.270953263237359        1.37896863805363     
   354.000000000000        1.20609549825728     
 C5  0.000000000000000E+000  0.000000000000000E+000  0.000000000000000E+000
 C4   1.43700638782059      -0.553321485239991       2.116542781609306E-002
 C6 -0.558661314968889       0.319247660565698        1.39913486062644     
   354.000000000000        153.305515893003     
 C5  0.000000000000000E+000  0.000000000000000E+000  0.000000000000000E+000
 C4   1.22585081065679      -0.918090432263710       0.161244374158990     
 C6 -0.840941240751124       0.325102035718305        1.24848964265443     
   354.000000000000        323.346738136403     
 C5  0.000000000000000E+000  0.000000000000000E+000  0.000000000000000E+000
 C4   1.34189337662331      -0.745431520919684       0.123507139040009     
 C6 -0.571896183935808       0.168196059680341        1.41994532716837     
   354.000000000000        60.9805615273812     
 C5  0.000000000000000E+000  0.000000000000000E+000  0.000000000000000E+000
 C4   1.29932078704813      -0.826493215646871       1.656673879518659E-002
 C6 -0.571896183935808       0.168196059680341        1.41994532716837     
