         100
   450.000000000000        26.1824542319965     
 C2  0.000000000000000E+000  0.000000000000000E+000  0.000000000000000E+000
 C    1.50698313768690      -0.188695445925407      -0.254942839503991     
 C2 -0.392555337029741        1.48631249795012       9.151833456174456E-002
   450.000000000000        59.8979410218387     
 C2  0.000000000000000E+000  0.000000000000000E+000  0.000000000000000E+000
 C    1.35724415876237      -0.246643938964575      -0.684583859638443     
 C2 -0.385728776995753        1.46697847896034       0.266059377994440     
   450.000000000000        33.2470256291168     
 C2  0.000000000000000E+000  0.000000000000000E+000  0.000000000000000E+000
 C    1.16288967619764      -6.293584269223057E-002  -1.00763419984514     
 C2 -0.603586507224362        1.41360308276758       9.491992646923128E-002
   450.000000000000       0.389919395964455     
 C2  0.000000000000000E+000  0.000000000000000E+000  0.000000000000000E+000
 C   0.807073810511276      -2.195774502598203E-002  -1.31139228372756     
 C2 -0.657300351845080        1.35665276197080       0.314721576406139     
   450.000000000000        68.3227800124127     
 C2  0.000000000000000E+000  0.000000000000000E+000  0.000000000000000E+000
 C    1.13614336139732      -0.180369303023249       -1.02383845253033     
 C2 -0.244672958588937        1.49089130677216       0.298292464673124     
   450.000000000000        47.3869192539785     
 C2  0.000000000000000E+000  0.000000000000000E+000  0.000000000000000E+000
 C    1.13614336139732      -0.180369303023249       -1.02383845253033     
 C2 -0.590664355398273        1.41657358900803       0.126629482906111     
   450.000000000000        110.551545837840     
 C2  0.000000000000000E+000  0.000000000000000E+000  0.000000000000000E+000
 C    1.41849779401165      -6.095689801280261E-002 -0.596446363865791     
 C2 -0.888701104785477        1.19722706863502      -0.385302260874369     
   450.000000000000        730.619654396276     
 C2  0.000000000000000E+000  0.000000000000000E+000  0.000000000000000E+000
 C    1.31943607602114      -0.363725570745612      -0.705968944415901     
 C2 -0.982665310737267        1.06320931966688      -0.524933299954711     
   450.000000000000        311.569548973987     
 C2  0.000000000000000E+000  0.000000000000000E+000  0.000000000000000E+000
 C    1.45732045585233       0.120119004758396      -0.483103005217539     
 C2 -0.820897991126109        1.09251299915035      -0.710029558966982     
   450.000000000000        40.2577429643304     
 C2  0.000000000000000E+000  0.000000000000000E+000  0.000000000000000E+000
 C    1.50146308259109       0.173232720486033      -0.295294829228443     
 C2 -0.873713629162704       0.568968899072101       -1.13335741311302     
   450.000000000000        1.90234323831621     
 C2  0.000000000000000E+000  0.000000000000000E+000  0.000000000000000E+000
 C    1.51176451381795       0.236221686980228      -0.174262357842967     
 C2 -0.893605381768586        1.04155603745300      -0.698734987154386     
   450.000000000000        6.33793129910842     
 C2  0.000000000000000E+000  0.000000000000000E+000  0.000000000000000E+000
 C    1.48945030728579       0.324306817450924       0.219004270006569     
 C2 -0.872777176991177        1.20280156651705      -0.403891731360843     
   450.000000000000       0.297279141661074     
 C2  0.000000000000000E+000  0.000000000000000E+000  0.000000000000000E+000
 C    1.48945030728579       0.324306817450924       0.219004270006569     
 C2 -0.864063953961076        1.22031220994535      -0.368553569345976     
   450.000000000000        2.84693519832821     
 C2  0.000000000000000E+000  0.000000000000000E+000  0.000000000000000E+000
 C    1.53983849020683       1.998227590808553E-002  9.906196398440287E-003
 C2 -0.626394484418960        1.34252680482450      -0.420537594004918     
   450.000000000000       0.357048022438558     
 C2  0.000000000000000E+000  0.000000000000000E+000  0.000000000000000E+000
 C    1.52582458205336       3.850923968120888E-002 -0.204881388273488     
 C2 -0.598571150354521        1.31358881573565       0.536467278491136     
   450.000000000000        170.387754845940     
 C2  0.000000000000000E+000  0.000000000000000E+000  0.000000000000000E+000
 C    1.52379934619199      -0.146203299234057      -0.168107548426393     
 C2 -0.621491743251680        1.40586233190438      -9.433587099601376E-002
   450.000000000000        56.8087145431598     
 C2  0.000000000000000E+000  0.000000000000000E+000  0.000000000000000E+000
 C    1.49682264824159      -0.243281441653297      -0.268209059985140     
 C2 -0.321275292038827        1.50504102857096       5.686676355882461E-002
   450.000000000000        39.0477655746051     
 C2  0.000000000000000E+000  0.000000000000000E+000  0.000000000000000E+000
 C    1.48086918184978      -0.215343532815862      -0.363666920576998     
 C2 -0.505468796693390        1.45418599405457      -3.800697329526139E-002
   450.000000000000        106.536441026658     
 C2  0.000000000000000E+000  0.000000000000000E+000  0.000000000000000E+000
 C    1.21260040563433      -2.260395728697478E-002 -0.949046530666660     
 C2 -0.727778058761257        1.34257967441874       0.198542324902270     
   450.000000000000        94.4501054868310     
 C2  0.000000000000000E+000  0.000000000000000E+000  0.000000000000000E+000
 C    1.14913352205514       4.297769392627563E-002  -1.02432664043942     
 C2 -0.593600015466307        1.34518175963139       0.457957634446277     
   450.000000000000        110.652108268068     
 C2  0.000000000000000E+000  0.000000000000000E+000  0.000000000000000E+000
 C   0.688179939266993       0.140125990164186       -1.37053751428809     
 C2  -1.07856119718888        1.03520067734376       0.369682892895680     
   450.000000000000        65.1243737078515     
 C2  0.000000000000000E+000  0.000000000000000E+000  0.000000000000000E+000
 C    1.02064341145892       0.331301497075275       -1.10459329378788     
 C2 -0.879192761651783        1.22110645276574       0.327901294030979     
   450.000000000000        68.0651177000725     
 C2  0.000000000000000E+000  0.000000000000000E+000  0.000000000000000E+000
 C    1.08922148835985       0.222678030050020       -1.06565052631160     
 C2  -1.01233156189257        1.14103354655129       0.211724807698461     
   450.000000000000        42.3868299851453     
 C2  0.000000000000000E+000  0.000000000000000E+000  0.000000000000000E+000
 C    1.11576983516759       0.168958921630729       -1.04790770477722     
 C2 -0.800584665599530        1.30121595439352       0.193652712330264     
   450.000000000000        17.8264158373505     
 C2  0.000000000000000E+000  0.000000000000000E+000  0.000000000000000E+000
 C    1.07703812856459       0.307803827410116       -1.05680919443851     
 C2 -0.736829400017730        1.26558016205353       0.476434075649823     
   450.000000000000        6.06609890032598     
 C2  0.000000000000000E+000  0.000000000000000E+000  0.000000000000000E+000
 C    1.18235422783061       0.173883982325785      -0.971289267222488     
 C2 -0.340495046423901        1.28661450171457       0.774781509261017     
   450.000000000000        59.8311435096508     
 C2  0.000000000000000E+000  0.000000000000000E+000  0.000000000000000E+000
 C   0.737898635028461      -2.306707881928697E-002  -1.35150786690196     
 C2  5.705123390262436E-003   1.41184330807664       0.615033385078011     
   450.000000000000        52.1356436592767     
 C2  0.000000000000000E+000  0.000000000000000E+000  0.000000000000000E+000
 C   0.474229165001137       3.102076245446301E-002  -1.46483596738989     
 C2  0.124393046397537        1.38524419788146       0.661229931262879     
   450.000000000000        52.4334046849824     
 C2  0.000000000000000E+000  0.000000000000000E+000  0.000000000000000E+000
 C   0.913663110880957       7.674452217771213E-002  -1.23730756003956     
 C2 -0.489664785129832        1.34036368071235       0.579011002818785     
   450.000000000000        769.643885476885     
 C2  0.000000000000000E+000  0.000000000000000E+000  0.000000000000000E+000
 C    1.05069740094451       0.154018720319709       -1.11530856960732     
 C2 -0.417056242951310        1.44611136355291       0.326230216523090     
   450.000000000000        6.22469157704477     
 C2  0.000000000000000E+000  0.000000000000000E+000  0.000000000000000E+000
 C   0.488088137202475       8.905927485077135E-002  -1.45788834136407     
 C2 -0.313738350078056        1.35445736468546       0.662279121438866     
   450.000000000000        37.4056398111265     
 C2  0.000000000000000E+000  0.000000000000000E+000  0.000000000000000E+000
 C   0.468697270662449       4.262670359301225E-003  -1.46693718274334     
 C2 -0.220536034564327        1.38013780633210       0.646671193687850     
   450.000000000000        44.9235413360964     
 C2  0.000000000000000E+000  0.000000000000000E+000  0.000000000000000E+000
 C   0.257743947557948       4.707751838629986E-002  -1.51754794479774     
 C2 -0.347406453403874        1.39190435676287       0.559920670731221     
   450.000000000000        65.6731723487296     
 C2  0.000000000000000E+000  0.000000000000000E+000  0.000000000000000E+000
 C    1.20481802107794       1.682381512796787E-002 -0.959025805351652     
 C2 -0.455642072375304        1.35635649858504       0.569462457394596     
   450.000000000000        276.056102282231     
 C2  0.000000000000000E+000  0.000000000000000E+000  0.000000000000000E+000
 C    1.27510524564525       1.860264693949802E-002 -0.863342663173088     
 C2 -0.386029673531933        1.24096883861894       0.826182529761915     
   450.000000000000        4.71474351001052     
 C2  0.000000000000000E+000  0.000000000000000E+000  0.000000000000000E+000
 C    1.26486359466561      -0.256879791573841      -0.840079079355370     
 C2  0.174510740534553        1.03132304894738        1.13027382076300     
   450.000000000000        156.544559931571     
 C2  0.000000000000000E+000  0.000000000000000E+000  0.000000000000000E+000
 C   0.754132854941528       5.735534431690489E-002  -1.34148947128780     
 C2  0.418307205919343       0.972007786196830        1.11884765933656     
   450.000000000000        79.2590729063842     
 C2  0.000000000000000E+000  0.000000000000000E+000  0.000000000000000E+000
 C   0.983777999951677      -0.250912252318878       -1.15793950120347     
 C2  0.372685940218445        1.09764176715667        1.01384805602757     
   450.000000000000        38.3290852139931     
 C2  0.000000000000000E+000  0.000000000000000E+000  0.000000000000000E+000
 C    1.15019732981980      -0.445697172302930      -0.921954517900185     
 C2  0.260393983578097        1.25478191194655       0.854000858619194     
   450.000000000000        366.555639199411     
 C2  0.000000000000000E+000  0.000000000000000E+000  0.000000000000000E+000
 C    1.15019732981980      -0.445697172302930      -0.921954517900185     
 C2  0.127660875148959        1.26893690996868       0.863192886456765     
   450.000000000000        171.757060619968     
 C2  0.000000000000000E+000  0.000000000000000E+000  0.000000000000000E+000
 C    1.22381543224714      -0.596978266698323      -0.719369680264332     
 C2  0.233367809275542       0.972749907549039        1.17085320288732     
   450.000000000000        127.714618126093     
 C2  0.000000000000000E+000  0.000000000000000E+000  0.000000000000000E+000
 C    1.21095431117449      -0.738749522250072      -0.599532150616807     
 C2  0.434307799287707        1.37940522349092       0.529356311606897     
   450.000000000000        58.6478274941967     
 C2  0.000000000000000E+000  0.000000000000000E+000  0.000000000000000E+000
 C    1.14008366783280       -1.02600044639070      -0.138319609408767     
 C2  0.486360449123923        1.28565274847701       0.694370696109574     
   450.000000000000        504.415011465641     
 C2  0.000000000000000E+000  0.000000000000000E+000  0.000000000000000E+000
 C    1.05392094703952       -1.08828250234513      -0.276571568460571     
 C2  0.381100984718222        1.37774453062163       0.572871877074791     
   450.000000000000        301.308622453260     
 C2  0.000000000000000E+000  0.000000000000000E+000  0.000000000000000E+000
 C    1.05392094703952       -1.08828250234513      -0.276571568460571     
 C2  0.347571508886167        1.20449542511923       0.894418781573625     
   450.000000000000        335.174099651822     
 C2  0.000000000000000E+000  0.000000000000000E+000  0.000000000000000E+000
 C    1.24941394510916      -0.892032101890190      -0.121833997571013     
 C2  0.295868973334786        1.06741650165346        1.06989892156686     
   450.000000000000        572.980983086174     
 C2  0.000000000000000E+000  0.000000000000000E+000  0.000000000000000E+000
 C    1.11983238183232       -1.00879976308255      -0.316067199507257     
 C2  0.200904632921658       0.388290486256395        1.47664077097566     
   450.000000000000        465.791695165456     
 C2  0.000000000000000E+000  0.000000000000000E+000  0.000000000000000E+000
 C    1.00472365359727      -0.807745400226650      -0.842423734420421     
 C2  0.453311681405393       0.859168548810687        1.19496362454686     
   450.000000000000        6.06354177591865     
 C2  0.000000000000000E+000  0.000000000000000E+000  0.000000000000000E+000
 C    1.15181093188582      -0.498419731437168      -0.892473724264422     
 C2  0.315612833404791        1.26597253470658       0.818108929491065     
   450.000000000000        1101.97993803583     
 C2  0.000000000000000E+000  0.000000000000000E+000  0.000000000000000E+000
 C    1.04715390732175      -0.657063935312007      -0.918333098223676     
 C2  7.779763982365089E-002   1.42440047013783       0.580199075889653     
   450.000000000000        668.564345922313     
 C2  0.000000000000000E+000  0.000000000000000E+000  0.000000000000000E+000
 C   0.635681132305994      -0.610263348150012       -1.26296799006741     
 C2  0.161245295274455        1.47999025931110       0.393991023819502     
   450.000000000000        259.049163073673     
 C2  0.000000000000000E+000  0.000000000000000E+000  0.000000000000000E+000
 C   0.516165752847466      -0.395769536377238       -1.39590092401400     
 C2  0.414247194209754        1.45795783649340       0.272687272990615     
   450.000000000000        12.6169709626092     
 C2  0.000000000000000E+000  0.000000000000000E+000  0.000000000000000E+000
 C   0.521815854960120      -0.461496176035366       -1.37343710923252     
 C2  0.617698743995405        1.30625007785413       0.532690468777883     
   450.000000000000        162.677115961230     
 C2  0.000000000000000E+000  0.000000000000000E+000  0.000000000000000E+000
 C   0.709978915288716      -0.639393471533411       -1.20776898801298     
 C2  0.618462034492976        1.25942288887479       0.634790389517136     
   450.000000000000        227.954620664420     
 C2  0.000000000000000E+000  0.000000000000000E+000  0.000000000000000E+000
 C   0.682445940235094      -0.904871788553466       -1.04262868986840     
 C2  0.608921364641210        1.37833511686699       0.317816325963552     
   450.000000000000       0.100619537214115     
 C2  0.000000000000000E+000  0.000000000000000E+000  0.000000000000000E+000
 C   0.361408814602012      -0.495916321140122       -1.41246262646302     
 C2  0.998992262834211        1.01988957336864       0.577442513749662     
   450.000000000000        64.6402334098677     
 C2  0.000000000000000E+000  0.000000000000000E+000  0.000000000000000E+000
 C   0.342425566213944      -0.458464096137964       -1.42973962809858     
 C2  0.974206622266190       0.989903094430868       0.665292011467981     
   450.000000000000        157.771454546060     
 C2  0.000000000000000E+000  0.000000000000000E+000  0.000000000000000E+000
 C   0.689308629442591      -0.870694252216663       -1.06693258106257     
 C2  0.859103368876597       0.587364884270238        1.13514053494063     
   450.000000000000        80.4059582658647     
 C2  0.000000000000000E+000  0.000000000000000E+000  0.000000000000000E+000
 C   0.704372497371619       -1.12177409037467      -0.785545845327028     
 C2  0.675994955978436       0.482193798192195        1.29696572824069     
   450.000000000000        272.140739198741     
 C2  0.000000000000000E+000  0.000000000000000E+000  0.000000000000000E+000
 C   0.913885398439879       -1.10480091856463      -0.561986128705271     
 C2  0.443022547955170       0.300112415933227        1.44404421662228     
   450.000000000000        204.075339951212     
 C2  0.000000000000000E+000  0.000000000000000E+000  0.000000000000000E+000
 C   0.389293602175289       -1.05406080837688       -1.05309368222835     
 C2   1.09689641817111       0.600883543465028       0.898530664335129     
   450.000000000000        32.6470985323132     
 C2  0.000000000000000E+000  0.000000000000000E+000  0.000000000000000E+000
 C   0.292221420204881       -1.28342193291781      -0.799396512175875     
 C2  0.854023933345335       0.218939255171089        1.26265944085201     
   450.000000000000        76.9395318701643     
 C2  0.000000000000000E+000  0.000000000000000E+000  0.000000000000000E+000
 C   0.331281004132339       -1.16532985012124      -0.950715118590985     
 C2   1.06307263581003       0.373427603931047        1.04977546902586     
   450.000000000000        110.286680613894     
 C2  0.000000000000000E+000  0.000000000000000E+000  0.000000000000000E+000
 C   0.427912021702425      -0.906759515888728       -1.16887915629794     
 C2   1.03008327457561       0.268749485540305        1.11279032221511     
   450.000000000000        493.605151590786     
 C2  0.000000000000000E+000  0.000000000000000E+000  0.000000000000000E+000
 C   0.427912021702425      -0.906759515888728       -1.16887915629794     
 C2   1.18786199734613       2.293418314558201E-002  0.979825514190422     
   450.000000000000        259.460344075083     
 C2  0.000000000000000E+000  0.000000000000000E+000  0.000000000000000E+000
 C   0.312877409538944      -0.845511280576726       -1.24852649191665     
 C2   1.25356513326419       2.294825055554230E-002  0.894230380950572     
   450.000000000000        112.531891335941     
 C2  0.000000000000000E+000  0.000000000000000E+000  0.000000000000000E+000
 C   7.766413118316719E-002 -0.233888842427535       -1.52015271999739     
 C2   1.32005382069424       0.230608085071095       0.758866234144469     
   450.000000000000        3.25669563236397     
 C2  0.000000000000000E+000  0.000000000000000E+000  0.000000000000000E+000
 C   0.365497068705767       -1.25691066693539      -0.811287537258844     
 C2   1.07994212550770       0.456167269041165       0.998617328091022     
   450.000000000000        10.8268705685032     
 C2  0.000000000000000E+000  0.000000000000000E+000  0.000000000000000E+000
 C   0.413896369140189      -0.878527429735893       -1.19519008982430     
 C2   1.12011456626139       0.295277277489158        1.01476836154951     
   450.000000000000        57.7130440181301     
 C2  0.000000000000000E+000  0.000000000000000E+000  0.000000000000000E+000
 C   0.398391295788459       -1.04077375896962       -1.06286140116209     
 C2   1.23120872079107       0.759054855997833       0.528735237324267     
   450.000000000000        158.082028140633     
 C2  0.000000000000000E+000  0.000000000000000E+000  0.000000000000000E+000
 C   0.600161143830388       -1.18292047281082      -0.782371878610942     
 C2   1.10633008460758        1.02451998949989       0.313037816823379     
   450.000000000000       0.826227080870247     
 C2  0.000000000000000E+000  0.000000000000000E+000  0.000000000000000E+000
 C   0.571041024193529       -1.27296907769313      -0.651967695461294     
 C2   1.06806286349052       0.987835344242402       0.504998209949441     
   450.000000000000        186.404209301750     
 C2  0.000000000000000E+000  0.000000000000000E+000  0.000000000000000E+000
 C   0.498605053241833       -1.42133873021094      -0.320607571470270     
 C2   1.20310772653660       0.960525219438141       3.902871923929841E-002
   450.000000000000        59.7518345732719     
 C2  0.000000000000000E+000  0.000000000000000E+000  0.000000000000000E+000
 C   0.561206362731846       -1.31715275254546      -0.567235440440034     
 C2  0.890468771867174        1.19680241733351      -0.382530364740178     
   450.000000000000        1166.93007234455     
 C2  0.000000000000000E+000  0.000000000000000E+000  0.000000000000000E+000
 C    1.13688890371919       -1.02257152432061      -0.182841730053068     
 C2  0.685976503921861        1.31394014485924      -0.417848862088473     
   450.000000000000        308.350604907676     
 C2  0.000000000000000E+000  0.000000000000000E+000  0.000000000000000E+000
 C    1.04457450766060       -1.12535709345461      -0.118471558430669     
 C2  0.672869040220499        1.31361600743867      -0.439613898174114     
   450.000000000000        408.767746245077     
 C2  0.000000000000000E+000  0.000000000000000E+000  0.000000000000000E+000
 C    1.02060749014500       -1.13712124102284      -0.192134417204698     
 C2  0.659033464125538        1.28511018868903      -0.534571637710573     
   450.000000000000        84.6727669396759     
 C2  0.000000000000000E+000  0.000000000000000E+000  0.000000000000000E+000
 C    1.00203037643216       -1.16574917514962      -9.254180323072952E-002
 C2  0.718926863535480        1.30790092401463       0.379657052618455     
   450.000000000000        2.97818976238767     
 C2  0.000000000000000E+000  0.000000000000000E+000  0.000000000000000E+000
 C   0.885497182952721       -1.25943684381935      -3.624328093810626E-002
 C2  0.804683098244531        1.31302831336302       6.472979288933887E-003
   450.000000000000        218.785027438355     
 C2  0.000000000000000E+000  0.000000000000000E+000  0.000000000000000E+000
 C   0.950049198959503       -1.15629350328608      -0.363306831500330     
 C2  0.719191699608144        1.33473695584593      -0.269890158524015     
   450.000000000000        88.8735623080881     
 C2  0.000000000000000E+000  0.000000000000000E+000  0.000000000000000E+000
 C   0.950049198959503       -1.15629350328608      -0.363306831500330     
 C2  0.449413918139711        1.42668313997766      -0.366336577534967     
   450.000000000000        29.2571579902824     
 C2  0.000000000000000E+000  0.000000000000000E+000  0.000000000000000E+000
 C   0.956403762838169       -1.04333196337832      -0.606918657335662     
 C2  0.631408577658065        1.40369392072701       5.066285353284607E-002
   450.000000000000        89.2937571173468     
 C2  0.000000000000000E+000  0.000000000000000E+000  0.000000000000000E+000
 C   0.952822322133477      -0.983294606630824      -0.704883918822736     
 C2  0.386521668822741        1.49066612573387      -1.075364469739565E-002
   450.000000000000       0.131440610925665     
 C2  0.000000000000000E+000  0.000000000000000E+000  0.000000000000000E+000
 C   0.906800787202027       -1.02196672013389      -0.710560592256952     
 C2  0.329003615220574        1.46834633923998      -0.327590886574337     
   450.000000000000        138.479511519206     
 C2  0.000000000000000E+000  0.000000000000000E+000  0.000000000000000E+000
 C   0.338407166309515       -1.07319685970328       -1.05134632263274     
 C2  0.329003615220574        1.46834633923998      -0.327590886574337     
   450.000000000000        311.531354450031     
 C2  0.000000000000000E+000  0.000000000000000E+000  0.000000000000000E+000
 C   0.507839433751791       -1.07257588761783      -0.981468325942041     
 C2  0.535127098854328        1.44178689389566      -8.055855272213538E-002
   450.000000000000        90.3299391391408     
 C2  0.000000000000000E+000  0.000000000000000E+000  0.000000000000000E+000
 C   0.570609460286094       -1.09720383314421      -0.917686543633319     
 C2  0.494749263771162        1.44067713344188      -0.226434765285312     
   450.000000000000        619.075989401494     
 C2  0.000000000000000E+000  0.000000000000000E+000  0.000000000000000E+000
 C   0.279842198407308      -0.796227949305019       -1.28814183874917     
 C2  0.932894225008057        1.22315908769499      -7.204408990324555E-002
   450.000000000000       0.279280033626634     
 C2  0.000000000000000E+000  0.000000000000000E+000  0.000000000000000E+000
 C   0.433199115492875      -0.931990091058603       -1.14687967830316     
 C2  0.781459434314096        1.32595655977697       5.254040216946515E-002
   450.000000000000        3.52063761528427     
 C2  0.000000000000000E+000  0.000000000000000E+000  0.000000000000000E+000
 C   8.661660587400298E-002 -0.326097210918339       -1.50258383214320     
 C2  0.729168447802404        1.28948031106251       0.420896711635750     
   450.000000000000        112.837542422731     
 C2  0.000000000000000E+000  0.000000000000000E+000  0.000000000000000E+000
 C   1.724595652521924E-002 -0.139771344293878       -1.53354704795706     
 C2  0.812895304252178        1.14893243820889       0.625104484474689     
   450.000000000000        5.47885493556487     
 C2  0.000000000000000E+000  0.000000000000000E+000  0.000000000000000E+000
 C   0.105594559532468      -0.361242973281294       -1.49330281699729     
 C2  0.931502778587398        1.15534007369996       0.411208009821253     
   450.000000000000        3.73763483555204     
 C2  0.000000000000000E+000  0.000000000000000E+000  0.000000000000000E+000
 C   0.487519737406183      -0.872769414400683       -1.17140857728040     
 C2  0.828743501154285        1.27559116061887       0.240107350990672     
   450.000000000000        17.6486498746460     
 C2  0.000000000000000E+000  0.000000000000000E+000  0.000000000000000E+000
 C   0.694220508834969       -1.07191095210164      -0.860618844714350     
 C2  0.916023021251560        1.20181278256766       0.296897288550054     
   450.000000000000        521.284961620881     
 C2  0.000000000000000E+000  0.000000000000000E+000  0.000000000000000E+000
 C   0.472170643751407      -0.877501030571944       -1.17415792145885     
 C2   1.23398613642478       0.805689698046470       0.446925570232287     
   450.000000000000        51.0805435844180     
 C2  0.000000000000000E+000  0.000000000000000E+000  0.000000000000000E+000
 C   0.338891135783632      -0.673046228622601       -1.34304191007733     
 C2  0.914227465967600        1.15893216275768       0.438935669945482     
   450.000000000000        57.2721939666495     
 C2  0.000000000000000E+000  0.000000000000000E+000  0.000000000000000E+000
 C   0.193466032630461      -0.401107452135962       -1.47420612739848     
 C2  0.611045673394667        1.38387472520255       0.288295108743549     
   450.000000000000        490.878226808579     
 C2  0.000000000000000E+000  0.000000000000000E+000  0.000000000000000E+000
 C   0.193466032630461      -0.401107452135962       -1.47420612739848     
 C2  0.514486193065282        1.34256116446767       0.551755033110383     
   450.000000000000        66.6444838930921     
 C2  0.000000000000000E+000  0.000000000000000E+000  0.000000000000000E+000
 C   0.429050631360172      -0.651783569239938       -1.32766476740112     
 C2  0.679191580581981        1.33040644041139       0.374589962402436     
   450.000000000000        1.27029203690075     
 C2  0.000000000000000E+000  0.000000000000000E+000  0.000000000000000E+000
 C   0.395279765882842      -0.619928159274428       -1.35316036892241     
 C2  0.782496828119430        1.28119646940320       0.343270244160526     
