         100
   450.00000000000000        23.964371600747338     
 C4   0.0000000000000000        0.0000000000000000        0.0000000000000000     
 C3  0.65749012928633144       5.02280651273296075E-002  -1.3916838259333952     
 C5   1.0189976207900520       0.21390693355805437        1.1346750987318845     
   450.00000000000000        1087.8240808011285     
 C4   0.0000000000000000        0.0000000000000000        0.0000000000000000     
 C3  0.89869932785108175       3.24331835090741274E-002  -1.2501550330768925     
 C5   1.0044283456690439       0.28217603277739234        1.1327401696879862     
   450.00000000000000        514.49653221593587     
 C4   0.0000000000000000        0.0000000000000000        0.0000000000000000     
 C3  0.89869932785108175       3.24331835090741274E-002  -1.2501550330768925     
 C5  0.56070872238843017       0.22816466585225922        1.4160319632608120     
   450.00000000000000        338.84032517907599     
 C4   0.0000000000000000        0.0000000000000000        0.0000000000000000     
 C3  0.69381917193617493      -5.48465328850875691E-002  -1.3737564611255850     
 C5  0.80468080872213710       0.33162748310094298        1.2704770425350589     
   450.00000000000000        38.906465919528351     
 C4   0.0000000000000000        0.0000000000000000        0.0000000000000000     
 C3  0.62505925289514652      -3.02490641671545914E-002  -1.4071197264224458     
 C5  0.97770791620593622       0.18824057090257046        1.1748415319253609     
   450.00000000000000        30.871355040284218     
 C4   0.0000000000000000        0.0000000000000000        0.0000000000000000     
 C3  0.62923119514250359      -1.41189012593191457E-002  -1.4055136995727835     
 C5  0.97770791620593622       0.18824057090257046        1.1748415319253609     
   450.00000000000000        273.90075889468466     
 C4   0.0000000000000000        0.0000000000000000        0.0000000000000000     
 C3  0.79525894668958252       0.13260806416335871       -1.3120892915609930     
 C5  0.72169849269374997       0.14525816669661221        1.3526460208545756     
   450.00000000000000        58.439311570390373     
 C4   0.0000000000000000        0.0000000000000000        0.0000000000000000     
 C3  0.49447425014482993       8.19440087359246394E-002  -1.4561526003053391     
 C5   1.0595041995388721       0.18395010031345935        1.1023670526808986     
   450.00000000000000        14.404609326444444     
 C4   0.0000000000000000        0.0000000000000000        0.0000000000000000     
 C3  0.62689767577229705       0.19097737113482913       -1.3936021483284702     
 C5   1.0114558926782318       0.21915393539559858        1.1404071364426445     
   450.00000000000000        88.895617070449902     
 C4   0.0000000000000000        0.0000000000000000        0.0000000000000000     
 C3  0.62689767577229705       0.19097737113482913       -1.3936021483284702     
 C5   1.0541040923363583       0.20946472078719922        1.1029909339371253     
   450.00000000000000       2.11246834542748729E-002
 C4   0.0000000000000000        0.0000000000000000        0.0000000000000000     
 C3  0.62689767577229705       0.19097737113482913       -1.3936021483284702     
 C5   1.0029519855256723       0.13642362908491920        1.1606359529325381     
   450.00000000000000        16.180960995494004     
 C4   0.0000000000000000        0.0000000000000000        0.0000000000000000     
 C3  0.55269473993103657       8.64491498624781335E-002  -1.4348014040070578     
 C5   1.1148315374419340      -9.64121646599612470E-002   1.0580431204410543     
   450.00000000000000       8.76213758150612421E-004
 C4   0.0000000000000000        0.0000000000000000        0.0000000000000000     
 C3  0.55269473993103657       8.64491498624781335E-002  -1.4348014040070578     
 C5   1.0881190727667625      -7.17755316205953287E-002   1.0874028984805912     
   450.00000000000000        194.91742210487595     
 C4   0.0000000000000000        0.0000000000000000        0.0000000000000000     
 C3  0.85612436940230352      -0.24950618263899083       -1.2555467848473163     
 C5  0.91776974556857138       2.82260482367869166E-002   1.2363259648661205     
   450.00000000000000        130.88565791577770     
 C4   0.0000000000000000        0.0000000000000000        0.0000000000000000     
 C3  0.61186837941056849      -0.42760144389804128       -1.3469870420511851     
 C5  0.91776974556857138       2.82260482367869166E-002   1.2363259648661205     
   450.00000000000000        38.372593719274562     
 C4   0.0000000000000000        0.0000000000000000        0.0000000000000000     
 C3  0.76911745634160489      -0.55379656381621789       -1.2138235886058466     
 C5  0.72173102421776736      -8.30174459736592735E-002   1.3578705164439624     
   450.00000000000000        430.65909775951252     
 C4   0.0000000000000000        0.0000000000000000        0.0000000000000000     
 C3  0.76911745634160489      -0.55379656381621789       -1.2138235886058466     
 C5  0.53868642491472274      -0.16387913999934975        1.4333738068514710     
   450.00000000000000        46.908631981814032     
 C4   0.0000000000000000        0.0000000000000000        0.0000000000000000     
 C3  0.82998596281509651      -0.64173337701375865       -1.1273427049289051     
 C5  0.63449060646788369       7.56792019699994078E-004   1.4032180887702617     
   450.00000000000000        8.6150001444100592     
 C4   0.0000000000000000        0.0000000000000000        0.0000000000000000     
 C3  0.71983775239719494      -0.42732564143970642       -1.2926045050176422     
 C5  0.90970314052087597      -5.75909048809856161E-002   1.2412587928726446     
   450.00000000000000        379.94099612314284     
 C4   0.0000000000000000        0.0000000000000000        0.0000000000000000     
 C3  0.54476620472792658      -0.30759283869666293       -1.4072016301045369     
 C5  0.94816535557085957       0.11573515404390299        1.2079684348921662     
   450.00000000000000        200.40392006962395     
 C4   0.0000000000000000        0.0000000000000000        0.0000000000000000     
 C3  0.54726975928844745      -0.43646671053070868       -1.3717115663166488     
 C5   1.1815752227505585       0.37097258934579519       0.91534651253951593     
   450.00000000000000        636.21892838202371     
 C4   0.0000000000000000        0.0000000000000000        0.0000000000000000     
 C3  0.54726975928844745      -0.43646671053070868       -1.3717115663166488     
 C5   1.2474814981302720       0.32034862758022808       0.84425504186372902     
   450.00000000000000       1.41782396949565737E-002
 C4   0.0000000000000000        0.0000000000000000        0.0000000000000000     
 C3  0.35893236853087662      -0.34626220109485084       -1.4570072212977430     
 C5   1.1962456057696711       0.48345492664596373       0.84075423975184826     
   450.00000000000000        19.166234431552283     
 C4   0.0000000000000000        0.0000000000000000        0.0000000000000000     
 C3  0.22507603032607779      -0.29535957142569474       -1.4945579627902996     
 C5   1.2732596914950125       0.27130011601532378       0.82268214527015682     
   450.00000000000000        40.076459395266710     
 C4   0.0000000000000000        0.0000000000000000        0.0000000000000000     
 C3  0.17857879498701051      -0.67499646303309024       -1.3726213567017718     
 C5   1.2824600114338092       0.21621705719587417       0.82470989464960343     
   450.00000000000000        178.26884078358665     
 C4   0.0000000000000000        0.0000000000000000        0.0000000000000000     
 C3  5.00691956492356829E-002 -0.23392570622675113       -1.5213059651540719     
 C5   1.2917036520656675      -0.17743599213520589       0.81952306313942280     
   450.00000000000000        25.721571086778599     
 C4   0.0000000000000000        0.0000000000000000        0.0000000000000000     
 C3  5.00691956492356829E-002 -0.23392570622675113       -1.5213059651540719     
 C5   1.1465948833881265      -0.62918990511845196       0.81304375267719231     
   450.00000000000000       6.11864503547803196E-002
 C4   0.0000000000000000        0.0000000000000000        0.0000000000000000     
 C3  1.27209347342076753E-002 -4.73122007874246936E-002  -1.5392204954054329     
 C5   1.2654211474777897      -0.58173050662878267       0.65719011271900951     
   450.00000000000000       0.37583958767038439     
 C4   0.0000000000000000        0.0000000000000000        0.0000000000000000     
 C3  6.17786872877902002E-002 -0.20339372935888453       -1.5252587926822418     
 C5   1.2140069777287554      -0.57525873737846578       0.75290394485474532     
   450.00000000000000        168.82290915859321     
 C4   0.0000000000000000        0.0000000000000000        0.0000000000000000     
 C3  6.17786872877902002E-002 -0.20339372935888453       -1.5252587926822418     
 C5   1.0885121227749159      -0.85568838618173670       0.67419481710255880     
   450.00000000000000        13.594912621437061     
 C4   0.0000000000000000        0.0000000000000000        0.0000000000000000     
 C3  4.32544808530301861E-002 -8.91137934934031067E-002  -1.5368109127981091     
 C5   1.1840768807932767      -0.72118741817601906       0.67041073627865189     
   450.00000000000000        783.83336401874431     
 C4   0.0000000000000000        0.0000000000000000        0.0000000000000000     
 C3  4.32544808530301861E-002 -8.91137934934031067E-002  -1.5368109127981091     
 C5   1.4088815731172319      -0.43963324910237800       0.43974450115562885     
   450.00000000000000        283.77278228115028     
 C4   0.0000000000000000        0.0000000000000000        0.0000000000000000     
 C3  0.11555342926937920      -0.26427745717955908       -1.5127474444238207     
 C5   1.3765604123362558      -0.26722090653423819       0.63661159695835678     
   450.00000000000000        111.56546903604089     
 C4   0.0000000000000000        0.0000000000000000        0.0000000000000000     
 C3  0.11555342926937920      -0.26427745717955908       -1.5127474444238207     
 C5   1.3661951767803771      -0.20038983667991372       0.68187576535586292     
   450.00000000000000       9.98747543565148277E-002
 C4   0.0000000000000000        0.0000000000000000        0.0000000000000000     
 C3  0.11555342926937920      -0.26427745717955908       -1.5127474444238207     
 C5   1.3573189090473243       0.12182132905415782       0.71724810910330861     
   450.00000000000000       0.45162109788053328     
 C4   0.0000000000000000        0.0000000000000000        0.0000000000000000     
 C3  0.11555342926937920      -0.26427745717955908       -1.5127474444238207     
 C5   1.3324812851445116      -0.10864644276953726       0.76438830596455942     
   450.00000000000000        3.3863104311510028     
 C4   0.0000000000000000        0.0000000000000000        0.0000000000000000     
 C3  0.23418873366138557      -0.58672403576626286       -1.4044609438785520     
 C5   1.1429702884994859      -0.25290571836320164        1.0006285646076711     
   450.00000000000000        110.50247333938943     
 C4   0.0000000000000000        0.0000000000000000        0.0000000000000000     
 C3  0.23418873366138557      -0.58672403576626286       -1.4044609438785520     
 C5   1.2845329292008016      -0.10509713703535709       0.84292920976081576     
   450.00000000000000        14.673190243727642     
 C4   0.0000000000000000        0.0000000000000000        0.0000000000000000     
 C3  0.16000014445056696       -1.1020401200430907       -1.0637234262679445     
 C5   1.1813888546275209       4.74195096691739301E-002  0.98674802829639463     
   450.00000000000000        36.162835019431981     
 C4   0.0000000000000000        0.0000000000000000        0.0000000000000000     
 C3 -2.17593138563300821E-002 -0.24492646442086358       -1.5202425988265176     
 C5   1.3151846680927208       0.55352126963751436       0.57922655321983207     
   450.00000000000000        9.3034272205042328     
 C4   0.0000000000000000        0.0000000000000000        0.0000000000000000     
 C3 -5.65257490760119816E-002 -0.60906192886951549       -1.4133111499217528     
 C5   1.2722441261230364       0.83286126118889581       0.24359168753979918     
   450.00000000000000        18.693331799705561     
 C4   0.0000000000000000        0.0000000000000000        0.0000000000000000     
 C3 -7.43007998205956477E-002  -1.1178581415617364       -1.0566326544689815     
 C5   1.3437509816558821       0.74780851328535514       8.19489709454228887E-002
   450.00000000000000        177.63671285578573     
 C4   0.0000000000000000        0.0000000000000000        0.0000000000000000     
 C3 -0.13581306757793191      -0.79170713614036303       -1.3139081479538446     
 C5   1.4102293875381988       0.33520810123988054       0.52008509925684854     
   450.00000000000000        608.34234256241893     
 C4   0.0000000000000000        0.0000000000000000        0.0000000000000000     
 C3 -0.27088525431449728      -0.65510568189607998       -1.3671348596764139     
 C5   1.3676778075395570      -7.50827814550245470E-002  0.70386070907174747     
   450.00000000000000        839.62613418232399     
 C4   0.0000000000000000        0.0000000000000000        0.0000000000000000     
 C3 -0.27088525431449728      -0.65510568189607998       -1.3671348596764139     
 C5   1.3858518801649833       7.40358519186293945E-002  0.66748270835736223     
   450.00000000000000        93.905117486567306     
 C4   0.0000000000000000        0.0000000000000000        0.0000000000000000     
 C3 -0.11043887035653471      -0.40774219069481926       -1.4809286147015217     
 C5   1.4102128301147028      -0.30178405549218151       0.54020927862522783     
   450.00000000000000        156.60397804990225     
 C4   0.0000000000000000        0.0000000000000000        0.0000000000000000     
 C3 -0.17928495043748069      -0.58259879698846084       -1.4142261305372048     
 C5   1.3723427782030748      -0.41845201434827878       0.55961872545864033     
   450.00000000000000        24.589226608083464     
 C4   0.0000000000000000        0.0000000000000000        0.0000000000000000     
 C3 -0.53695232950022487      -0.92810524339082201       -1.1053971471985764     
 C5   1.2659477467669926      -0.48884528566923224       0.72801545053436867     
   450.00000000000000        83.767818425451168     
 C4   0.0000000000000000        0.0000000000000000        0.0000000000000000     
 C3 -5.69444107207312117E-002 -0.38223481979431917       -1.4907226021713360     
 C5   1.3896867014072996      -0.30587946084167011       0.58890452065604582     
   450.00000000000000        267.33937710670381     
 C4   0.0000000000000000        0.0000000000000000        0.0000000000000000     
 C3 -8.41252514061541778E-002 -0.67795349992605414       -1.3801818699047859     
 C5   1.4683706769307909      -3.29404915531378434E-002  0.46303605283850890     
   450.00000000000000       6.88103715390298021E-004
 C4   0.0000000000000000        0.0000000000000000        0.0000000000000000     
 C3 -0.14238085476739157      -0.58509871528261448       -1.4173874507594411     
 C5   1.1421502816422897      -0.62405926281900104       0.82319054763551680     
   450.00000000000000        27.880057611419574     
 C4   0.0000000000000000        0.0000000000000000        0.0000000000000000     
 C3 -0.34381289923781938      -0.89462916575905105       -1.2054174986663151     
 C5  0.91985548311634779      -0.62884876090378805        1.0630216522596236     
   450.00000000000000        33.741751396020760     
 C4   0.0000000000000000        0.0000000000000000        0.0000000000000000     
 C3 -0.37192282370339869      -0.97166289700837094       -1.1354050500970112     
 C5   1.0257705297031408      -0.51811290232976115        1.0251603522933324     
   450.00000000000000        11.182235675121774     
 C4   0.0000000000000000        0.0000000000000000        0.0000000000000000     
 C3 -0.44598899257631180      -0.85143475448129036       -1.2032259460974724     
 C5   1.1657039260193438      -0.63452744709838960       0.78109486160395869     
   450.00000000000000        21.539336969729028     
 C4   0.0000000000000000        0.0000000000000000        0.0000000000000000     
 C3 -0.48431034487272651      -0.92388113743367184       -1.1329109116534852     
 C5   1.0155299392569634      -0.62005179161853619       0.97766795245912097     
   450.00000000000000        31.487648644422364     
 C4   0.0000000000000000        0.0000000000000000        0.0000000000000000     
 C3 -0.59848816520961889       -1.0258447312817720      -0.98033387343570777     
 C5   1.1310792917984951      -0.60680513910718192       0.85090955212639785     
   450.00000000000000        272.81590437283711     
 C4   0.0000000000000000        0.0000000000000000        0.0000000000000000     
 C3 -0.67293489596947487      -0.84593430892075172       -1.0968836632830883     
 C5   1.1310792917984951      -0.60680513910718192       0.85090955212639785     
   450.00000000000000        19.727646926459812     
 C4   0.0000000000000000        0.0000000000000000        0.0000000000000000     
 C3 -0.60466860267654854      -0.90739093066347298       -1.0874822204923043     
 C5  0.93724702247209757      -0.76737252906813413       0.95095074929303347     
   450.00000000000000        898.50640891675005     
 C4   0.0000000000000000        0.0000000000000000        0.0000000000000000     
 C3 -0.40036417008889319      -0.69546662919479929       -1.3143951837196688     
 C5  0.50960472202836737      -0.72960485597853408        1.2568133069398781     
   450.00000000000000       2.51958128891516253E-002
 C4   0.0000000000000000        0.0000000000000000        0.0000000000000000     
 C3 -0.58100495102431016      -0.99188763688946135       -1.0247888380886505     
 C5  0.29930832429084919      -0.62265865054952807        1.3763395798233313     
   450.00000000000000       0.64426955602257863     
 C4   0.0000000000000000        0.0000000000000000        0.0000000000000000     
 C3 -0.42211348087868317      -0.90200939381777923       -1.1746485698816356     
 C5  0.46300836944413298      -0.76671530385135045        1.2527453052185171     
   450.00000000000000        142.32463121507305     
 C4   0.0000000000000000        0.0000000000000000        0.0000000000000000     
 C3 -0.51091926922425068       -1.0588514420753870      -0.99468342901158202     
 C5  0.52729555070519984      -0.69128692419995119        1.2710946847968840     
   450.00000000000000        94.391117773718392     
 C4   0.0000000000000000        0.0000000000000000        0.0000000000000000     
 C3 -0.75914451701343211      -0.97271641445864310      -0.92147836617642409     
 C5  0.49618864905652871      -0.54438624939799873        1.3524201799352358     
   450.00000000000000       0.53498181473145223     
 C4   0.0000000000000000        0.0000000000000000        0.0000000000000000     
 C3 -0.58911555284241612      -0.85811123526055677       -1.1349836885694806     
 C5  0.82721013932835219      -0.79305680645512067        1.0287780101702173     
   450.00000000000000        3.5117367526859056     
 C4   0.0000000000000000        0.0000000000000000        0.0000000000000000     
 C3 -0.23970002493542647      -0.97396659198645152       -1.1685602148542713     
 C5  0.83469985035968763      -0.57831603155055678        1.1577679536691923     
   450.00000000000000        9.4845965745774450     
 C4   0.0000000000000000        0.0000000000000000        0.0000000000000000     
 C3 -0.56283757709472482      -0.95352516290796085       -1.0703287464660065     
 C5  0.80449502455783461      -0.68059874670450948        1.1230195940090089     
   450.00000000000000        192.65400910418765     
 C4   0.0000000000000000        0.0000000000000000        0.0000000000000000     
 C3 -0.11162696778069775      -0.34216645156979070       -1.4973515083253606     
 C5   1.1114664662011695      -0.66276153637771507       0.83485887878775900     
   450.00000000000000        38.874886721920731     
 C4   0.0000000000000000        0.0000000000000000        0.0000000000000000     
 C3 -0.11162696778069775      -0.34216645156979070       -1.4973515083253606     
 C5   1.1575357059863591      -0.66720952562089875       0.76586059134127882     
   450.00000000000000        1.4100180700063447     
 C4   0.0000000000000000        0.0000000000000000        0.0000000000000000     
 C3 -0.52225185952249020      -0.94744724136667169       -1.0959912043679878     
 C5   1.5057225300111485      -0.15603262767948062       0.28293707568729753     
   450.00000000000000        729.89634425199517     
 C4   0.0000000000000000        0.0000000000000000        0.0000000000000000     
 C3 -0.37949655618322697       -1.1025022688575430       -1.0060174506483714     
 C5   1.5388284860839860      -3.75835351979041804E-002  4.68430932018027296E-002
   450.00000000000000        85.093040247886165     
 C4   0.0000000000000000        0.0000000000000000        0.0000000000000000     
 C3 -0.38510319942536819      -0.59891508358017509       -1.3655021964290297     
 C5   1.4798004468361794      -8.78723545644600895E-002  0.41721576423831130     
   450.00000000000000        94.306091329727934     
 C4   0.0000000000000000        0.0000000000000000        0.0000000000000000     
 C3 -0.57258789094291851      -0.85217882844318116       -1.1478389919752487     
 C5   1.3095739552517924      -0.47814318075897078       0.65421331498379542     
   450.00000000000000        27.864063461885380     
 C4   0.0000000000000000        0.0000000000000000        0.0000000000000000     
 C3 -9.69166870644866812E-002 -0.49488682553121760       -1.4550925007311688     
 C5   1.2237412045179799      -0.48973771564670493       0.79637575385005732     
   450.00000000000000       0.37202931440236853     
 C4   0.0000000000000000        0.0000000000000000        0.0000000000000000     
 C3 -0.14199215955611971      -0.98254791808463315       -1.1773010724925677     
 C5   1.2474192027713817      -0.23498508459124046       0.87196745905972550     
   450.00000000000000       0.13298845941054083     
 C4   0.0000000000000000        0.0000000000000000        0.0000000000000000     
 C3 -0.78223044388870211       -1.2012910721687247      -0.56268578494698762     
 C5   1.2347522582634118      -0.39456814803839457       0.83144617645953001     
   450.00000000000000        60.877788216572981     
 C4   0.0000000000000000        0.0000000000000000        0.0000000000000000     
 C3 -0.89837465410519024       -1.2491056177009370       6.52543997700359563E-002
 C5   1.2911637104602784      -0.19860399361251996       0.81550759260341688     
   450.00000000000000        416.91128216737144     
 C4   0.0000000000000000        0.0000000000000000        0.0000000000000000     
 C3  -1.0903207292310535       -1.0864548023621008       4.91596362211798171E-002
 C5   1.2642685428610854      -9.65479404701427846E-002  0.87401570569704168     
   450.00000000000000        409.78883702993670     
 C4   0.0000000000000000        0.0000000000000000        0.0000000000000000     
 C3 -0.80288245963631999       -1.2801616977448769      -0.29692723626385736     
 C5  0.76336370304122381      -0.24801102508566375        1.3142930781973112     
   450.00000000000000        2.7688893674874606     
 C4   0.0000000000000000        0.0000000000000000        0.0000000000000000     
 C3 -0.45403775826559195       -1.2540216879586468      -0.76998657144037785     
 C5  0.98336455168646919      -0.27663097641162449        1.1524189205572062     
   450.00000000000000        17.887488506636497     
 C4   0.0000000000000000        0.0000000000000000        0.0000000000000000     
 C3 -0.55651935127116525       -1.1574694575805553      -0.84979448481906672     
 C5   1.3548371565371802      -0.26910262383028860       0.68088175492967640     
   450.00000000000000        19.816085774326609     
 C4   0.0000000000000000        0.0000000000000000        0.0000000000000000     
 C3 -0.59932777233314583       -1.2896343658914993      -0.59097328503226465     
 C5   1.3925959347585470      -0.14678020495100005       0.64088379680775509     
   450.00000000000000        96.645857011826465     
 C4   0.0000000000000000        0.0000000000000000        0.0000000000000000     
 C3 -0.54384993159302286       -1.2892715097410332      -0.64312224815842467     
 C5   1.4428377154422691      -2.75960657524667273E-002  0.53764085701751863     
   450.00000000000000        22.387639319852688     
 C4   0.0000000000000000        0.0000000000000000        0.0000000000000000     
 C3 -0.32666672616687970       -1.4155960220962922      -0.51085883788045749     
 C5   1.4654824119370320       0.13426244138001739       0.45380040130007437     
   450.00000000000000        135.81598119964764     
 C4   0.0000000000000000        0.0000000000000000        0.0000000000000000     
 C3 -0.29005725537184723       -1.2327687098829354      -0.87621235812999010     
 C5   1.4694800561810453       0.34323462912854641       0.30727554561883547     
   450.00000000000000       0.61276007622478801     
 C4   0.0000000000000000        0.0000000000000000        0.0000000000000000     
 C3 -0.37467726992225625       -1.4625971524226680      -0.30335872021208360     
 C5   1.4967660820882784       0.20724411319722014       0.29722227395909534     
   450.00000000000000        79.713316276493913     
 C4   0.0000000000000000        0.0000000000000000        0.0000000000000000     
 C3 -0.34077351949744517       -1.4772585351042158      -0.27051918392431218     
 C5   1.2694023744859071       0.28975242058856870       0.82235093086517463     
   450.00000000000000        189.69199309235370     
 C4   0.0000000000000000        0.0000000000000000        0.0000000000000000     
 C3 -0.49779003363856456       -1.4407101503897741      -0.21945237518422031     
 C5   1.5164312180188009       0.26500479164312202       4.25291489030160119E-002
   450.00000000000000        15.186073035598952     
 C4   0.0000000000000000        0.0000000000000000        0.0000000000000000     
 C3 -0.62299023947915766       -1.4062271484301363      -7.75136667417624520E-002
 C5   1.5190384489128748      -1.05056260982976536E-002 -0.25300539446198345     
   450.00000000000000        54.795235064876010     
 C4   0.0000000000000000        0.0000000000000000        0.0000000000000000     
 C3 -0.75220417912868254       -1.3126098101715640      -0.28782696041670541     
 C5   1.3354491375010509       6.06875776840558739E-002 -0.76452110902495862     
   450.00000000000000        7.0536081350779867     
 C4   0.0000000000000000        0.0000000000000000        0.0000000000000000     
 C3 -0.74691298008287954       -1.3029239664708896      -0.34074937678516859     
 C5   1.3892073088101302       8.87313399142566073E-002 -0.65865750549716484     
   450.00000000000000       0.75135656465863399     
 C4   0.0000000000000000        0.0000000000000000        0.0000000000000000     
 C3 -0.55165124222411732       -1.4322973367423182       0.12571891708670915     
 C5   1.3892073088101302       8.87313399142566073E-002 -0.65865750549716484     
   450.00000000000000        423.01429151047876     
 C4   0.0000000000000000        0.0000000000000000        0.0000000000000000     
 C3 -0.40283519991648065       -1.4792868963819743       0.14503130662322403     
 C5   1.3384431245017234       2.12826451463252984E-002 -0.76139146210858621     
   450.00000000000000        16.219277604439355     
 C4   0.0000000000000000        0.0000000000000000        0.0000000000000000     
 C3 -0.59095120202752371       -1.4211197983218848      -5.28696097942269391E-002
 C5   1.5366037099476977       7.50930757181112879E-002  6.93539878909431584E-002
   450.00000000000000        333.91871756650926     
 C4   0.0000000000000000        0.0000000000000000        0.0000000000000000     
 C3 -0.73841752124725502       -1.3510609635066746       3.12063647911865263E-002
 C5   1.3376838632521648       0.17682754926633631       0.74224915419112247     
   450.00000000000000        20.321339778453392     
 C4   0.0000000000000000        0.0000000000000000        0.0000000000000000     
 C3 -0.40679873486854690       -1.4768095860407919      -0.15858195322097365     
 C5   1.4982939049306752       0.25450072329527074       0.24888684853158599     
   450.00000000000000        13.203747985782456     
 C4   0.0000000000000000        0.0000000000000000        0.0000000000000000     
 C3 -0.23183204638086954       -1.4857303143829739      -0.33235423149755772     
 C5   1.4934886562250846       0.37267826485971411       4.69302856411004596E-002
   450.00000000000000        76.220807742217829     
 C4   0.0000000000000000        0.0000000000000000        0.0000000000000000     
 C3 -0.35787465513771660       -1.4974527600656176       3.40729009907898284E-002
 C5   1.4952528305916710       0.36531024595306621       4.86549472460735266E-002
   450.00000000000000        41.462040772791283     
 C4   0.0000000000000000        0.0000000000000000        0.0000000000000000     
 C3  4.12295591552201968E-002  -1.5290858992558300       0.17831555217887843     
 C5   1.4079405911746183       0.58708061873171413      -0.21128072774076037     
   450.00000000000000        7.5109735069785515     
 C4   0.0000000000000000        0.0000000000000000        0.0000000000000000     
 C3  0.17270916264605127       -1.5256197768928681       0.11939782867145507     
 C5   1.2945669708625118       0.72189758743362442      -0.41780394719483471     
   450.00000000000000        279.36536452783014     
 C4   0.0000000000000000        0.0000000000000000        0.0000000000000000     
 C3  0.21607255129537714       -1.4520627041845959      -0.46521667606915001     
 C5   1.3630847941028739       0.71630884490862090      -2.23917367216943629E-002
