         100
   445.000000000000        3268.01232719218     
 C2  0.000000000000000E+000  0.000000000000000E+000  0.000000000000000E+000
 C1   1.54000000000000       0.000000000000000E+000  0.000000000000000E+000
 C3 -0.535584465164516      -0.255532961646036       -1.42107428587624     
 C7 -0.420160757907948       -1.24336253121779       0.805676564749499     
 C8 -0.924590125186039        1.09898114331134       0.555853833778430     
   445.000000000000        1775.47924005499     
 C2  0.000000000000000E+000  0.000000000000000E+000  0.000000000000000E+000
 C1   1.54000000000000       0.000000000000000E+000  0.000000000000000E+000
 C3 -0.346089349897530      -0.180500352730091       -1.48971196019352     
 C7 -0.420160757907948       -1.24336253121779       0.805676564749499     
 C8 -0.659495501568434        1.35147138837955       0.331949856565814     
   445.000000000000        368.039870329505     
 C2  0.000000000000000E+000  0.000000000000000E+000  0.000000000000000E+000
 C1   1.54000000000000       0.000000000000000E+000  0.000000000000000E+000
 C3 -0.544359937055634      -0.221102977069620       -1.42351173941473     
 C7 -0.573450864155507       -1.19135311807968       0.789577119697478     
 C8 -0.527684132264469        1.32412365579956       0.582963067595134     
   445.000000000000        467.437030892343     
 C2  0.000000000000000E+000  0.000000000000000E+000  0.000000000000000E+000
 C1   1.54000000000000       0.000000000000000E+000  0.000000000000000E+000
 C3 -0.389272513323415      -0.181190683120215       -1.47893096069868     
 C7 -0.573450864155507       -1.19135311807968       0.789577119697478     
 C8 -0.474617466329078        1.37986760337322       0.492243430924209     
   445.000000000000        1616.82449062503     
 C2  0.000000000000000E+000  0.000000000000000E+000  0.000000000000000E+000
 C1   1.54000000000000       0.000000000000000E+000  0.000000000000000E+000
 C3 -0.440537623974883      -0.144006087962856       -1.46860096291811     
 C7 -0.765079027117919       -1.07621828409520       0.792469848481392     
 C8 -0.516171214851025        1.28936248001226       0.665365771262293     
   445.000000000000        2295.69765986555     
 C2  0.000000000000000E+000  0.000000000000000E+000  0.000000000000000E+000
 C1   1.54000000000000       0.000000000000000E+000  0.000000000000000E+000
 C3 -0.425347105791756      -0.155617026970626       -1.47189100150222     
 C7 -0.788996981960934       -1.03492575038470       0.823415221595906     
 C8 -0.266982188462296        1.37162666870012       0.647271759175484     
   445.000000000000        1265.20232798709     
 C2  0.000000000000000E+000  0.000000000000000E+000  0.000000000000000E+000
 C1   1.54000000000000       0.000000000000000E+000  0.000000000000000E+000
 C3 -0.425347105791756      -0.155617026970626       -1.47189100150222     
 C7 -0.778038437160859       -1.08796991962409       0.763267854558326     
 C8 -0.530633962904565        1.36563696240559       0.474408285968376     
   445.000000000000        434.261164772435     
 C2  0.000000000000000E+000  0.000000000000000E+000  0.000000000000000E+000
 C1   1.54000000000000       0.000000000000000E+000  0.000000000000000E+000
 C3 -0.425347105791756      -0.155617026970626       -1.47189100150222     
 C7 -0.630893085113872       -1.19517068515963       0.738336726703473     
 C8 -0.567698679791331        1.31740292412397       0.560149696013852     
   445.000000000000        434.261164772435     
 C2  0.000000000000000E+000  0.000000000000000E+000  0.000000000000000E+000
 C1   1.54000000000000       0.000000000000000E+000  0.000000000000000E+000
 C3 -0.425347105791756      -0.155617026970626       -1.47189100150222     
 C7 -0.630893085113872       -1.19517068515963       0.738336726703473     
 C8 -0.567698679791331        1.31740292412397       0.560149696013852     
   445.000000000000        1502.17200421965     
 C2  0.000000000000000E+000  0.000000000000000E+000  0.000000000000000E+000
 C1   1.54000000000000       0.000000000000000E+000  0.000000000000000E+000
 C3 -0.737440734439386      -0.168151151803064       -1.34145678019406     
 C7 -0.476353122799833       -1.04640778040034        1.02455777437152     
 C8 -0.499755263468556        1.40379601809423       0.388846182557948     
   445.000000000000        1309.80662075869     
 C2  0.000000000000000E+000  0.000000000000000E+000  0.000000000000000E+000
 C1   1.54000000000000       0.000000000000000E+000  0.000000000000000E+000
 C3 -0.696533934840095      -5.496227310787345E-002  -1.37237734094629     
 C7 -0.482828944316536       -1.08375714823966       0.981807938284393     
 C8 -0.268225074645403        1.37704877412984       0.635131419842056     
   445.000000000000        1423.52522541052     
 C2  0.000000000000000E+000  0.000000000000000E+000  0.000000000000000E+000
 C1   1.54000000000000       0.000000000000000E+000  0.000000000000000E+000
 C3 -0.683831722995275      -7.118284744153602E-003  -1.37982732413858     
 C7 -0.482828944316536       -1.08375714823966       0.981807938284393     
 C8 -0.268225074645403        1.37704877412984       0.635131419842056     
   445.000000000000        1194.32983901151     
 C2  0.000000000000000E+000  0.000000000000000E+000  0.000000000000000E+000
 C1   1.54000000000000       0.000000000000000E+000  0.000000000000000E+000
 C3 -0.683831722995275      -7.118284744153602E-003  -1.37982732413858     
 C7 -0.482828944316536       -1.08375714823966       0.981807938284393     
 C8 -0.345695742263299        1.33558977403488       0.684320353888512     
   445.000000000000        1194.32983901151     
 C2  0.000000000000000E+000  0.000000000000000E+000  0.000000000000000E+000
 C1   1.54000000000000       0.000000000000000E+000  0.000000000000000E+000
 C3 -0.683831722995275      -7.118284744153602E-003  -1.37982732413858     
 C7 -0.482828944316536       -1.08375714823966       0.981807938284393     
 C8 -0.345695742263299        1.33558977403488       0.684320353888512     
   445.000000000000        1114.13697808892     
 C2  0.000000000000000E+000  0.000000000000000E+000  0.000000000000000E+000
 C1   1.54000000000000       0.000000000000000E+000  0.000000000000000E+000
 C3 -0.683831722995275      -7.118284744153602E-003  -1.37982732413858     
 C7 -0.574501161097445       -1.07227310298355       0.944340501103472     
 C8 -0.323205194915832        1.33943639878403       0.687785193983926     
   445.000000000000        1212.86602610113     
 C2  0.000000000000000E+000  0.000000000000000E+000  0.000000000000000E+000
 C1   1.54000000000000       0.000000000000000E+000  0.000000000000000E+000
 C3 -0.589810265860699      -5.900574229220366E-002  -1.42135221266711     
 C7 -0.473737032567935       -1.13587181643975       0.925725992991564     
 C8 -0.241892159381850        1.39778304541865       0.599408607413478     
   445.000000000000        1906.43893894530     
 C2  0.000000000000000E+000  0.000000000000000E+000  0.000000000000000E+000
 C1   1.54000000000000       0.000000000000000E+000  0.000000000000000E+000
 C3 -0.589810265860699      -5.900574229220366E-002  -1.42135221266711     
 C7 -0.488968310288816      -0.972872515657829        1.08904969276868     
 C8 -0.530153134739734        1.35870833396305       0.494418096772972     
   445.000000000000        1906.43893894530     
 C2  0.000000000000000E+000  0.000000000000000E+000  0.000000000000000E+000
 C1   1.54000000000000       0.000000000000000E+000  0.000000000000000E+000
 C3 -0.589810265860699      -5.900574229220366E-002  -1.42135221266711     
 C7 -0.488968310288816      -0.972872515657829        1.08904969276868     
 C8 -0.530153134739734        1.35870833396305       0.494418096772972     
   445.000000000000        654.440808567335     
 C2  0.000000000000000E+000  0.000000000000000E+000  0.000000000000000E+000
 C1   1.54000000000000       0.000000000000000E+000  0.000000000000000E+000
 C3 -0.589810265860699      -5.900574229220366E-002  -1.42135221266711     
 C7 -0.560993266314140       -1.16658000230579       0.834252855481507     
 C8 -0.530153134739734        1.35870833396305       0.494418096772972     
   445.000000000000        228.963114531404     
 C2  0.000000000000000E+000  0.000000000000000E+000  0.000000000000000E+000
 C1   1.54000000000000       0.000000000000000E+000  0.000000000000000E+000
 C3 -0.589810265860699      -5.900574229220366E-002  -1.42135221266711     
 C7 -0.529483457301744       -1.24991654588854       0.727293661643276     
 C8 -0.552675227124551        1.26626961474067       0.680228853827115     
   445.000000000000        218.411559298245     
 C2  0.000000000000000E+000  0.000000000000000E+000  0.000000000000000E+000
 C1   1.54000000000000       0.000000000000000E+000  0.000000000000000E+000
 C3 -0.589810265860699      -5.900574229220366E-002  -1.42135221266711     
 C7 -0.543622653503108       -1.17046919165252       0.840283556604057     
 C8 -0.411994047736452        1.31970105118138       0.678417259223337     
   445.000000000000        159.055495815027     
 C2  0.000000000000000E+000  0.000000000000000E+000  0.000000000000000E+000
 C1   1.54000000000000       0.000000000000000E+000  0.000000000000000E+000
 C3 -0.589810265860699      -5.900574229220366E-002  -1.42135221266711     
 C7 -0.543622653503108       -1.17046919165252       0.840283556604057     
 C8 -0.447755398183584        1.31396131920543       0.666798839606833     
   445.000000000000        801.997587199735     
 C2  0.000000000000000E+000  0.000000000000000E+000  0.000000000000000E+000
 C1   1.54000000000000       0.000000000000000E+000  0.000000000000000E+000
 C3 -0.614892858274860      -3.273609853193285E-002  -1.41153641840630     
 C7 -0.676647721167430       -1.17549740497937       0.729351688716985     
 C8 -0.447755398183584        1.31396131920543       0.666798839606833     
   445.000000000000        277.168933505205     
 C2  0.000000000000000E+000  0.000000000000000E+000  0.000000000000000E+000
 C1   1.54000000000000       0.000000000000000E+000  0.000000000000000E+000
 C3 -0.614892858274860      -3.273609853193285E-002  -1.41153641840630     
 C7 -0.467191300156624       -1.19755388586466       0.848054923349333     
 C8 -0.447755398183584        1.31396131920543       0.666798839606833     
   445.000000000000        1730.28796901484     
 C2  0.000000000000000E+000  0.000000000000000E+000  0.000000000000000E+000
 C1   1.54000000000000       0.000000000000000E+000  0.000000000000000E+000
 C3 -0.614892858274860      -3.273609853193285E-002  -1.41153641840630     
 C7 -0.441332087792286       -1.04858723291130        1.03792628677039     
 C8 -0.263222932235005        1.39822320866119       0.589309328093868     
   445.000000000000        1158.32293967405     
 C2  0.000000000000000E+000  0.000000000000000E+000  0.000000000000000E+000
 C1   1.54000000000000       0.000000000000000E+000  0.000000000000000E+000
 C3 -0.614892858274860      -3.273609853193285E-002  -1.41153641840630     
 C7 -0.651996819696875       -1.03400305630838       0.936663226650179     
 C8 -0.290153420403846        1.41474492596127       0.534703398686049     
   445.000000000000        1172.07770504946     
 C2  0.000000000000000E+000  0.000000000000000E+000  0.000000000000000E+000
 C1   1.54000000000000       0.000000000000000E+000  0.000000000000000E+000
 C3 -0.614892858274860      -3.273609853193285E-002  -1.41153641840630     
 C7 -0.651996819696875       -1.03400305630838       0.936663226650179     
 C8 -0.376539269956598        1.42001866872998       0.461914598286857     
   445.000000000000        1100.99821206811     
 C2  0.000000000000000E+000  0.000000000000000E+000  0.000000000000000E+000
 C1   1.54000000000000       0.000000000000000E+000  0.000000000000000E+000
 C3 -0.636671833728952      -1.908842761906803E-003  -1.40222868043958     
 C7 -0.651996819696875       -1.03400305630838       0.936663226650179     
 C8 -0.343642199581399        1.37247464360400       0.608131012860339     
   445.000000000000        1360.01784811688     
 C2  0.000000000000000E+000  0.000000000000000E+000  0.000000000000000E+000
 C1   1.54000000000000       0.000000000000000E+000  0.000000000000000E+000
 C3 -0.636671833728952      -1.908842761906803E-003  -1.40222868043958     
 C7 -0.651996819696875       -1.03400305630838       0.936663226650179     
 C8 -0.472524851764717        1.30088515515954       0.675291059486131     
   445.000000000000        1360.01784811688     
 C2  0.000000000000000E+000  0.000000000000000E+000  0.000000000000000E+000
 C1   1.54000000000000       0.000000000000000E+000  0.000000000000000E+000
 C3 -0.636671833728952      -1.908842761906803E-003  -1.40222868043958     
 C7 -0.651996819696875       -1.03400305630838       0.936663226650179     
 C8 -0.472524851764717        1.30088515515954       0.675291059486131     
   445.000000000000        1057.59241006204     
 C2  0.000000000000000E+000  0.000000000000000E+000  0.000000000000000E+000
 C1   1.54000000000000       0.000000000000000E+000  0.000000000000000E+000
 C3 -0.636671833728952      -1.908842761906803E-003  -1.40222868043958     
 C7 -0.558510034700534       -1.07820933520922       0.947170176956147     
 C8 -0.481141368186245        1.28137786368313       0.705814204840302     
   445.000000000000        309.307846495846     
 C2  0.000000000000000E+000  0.000000000000000E+000  0.000000000000000E+000
 C1   1.54000000000000       0.000000000000000E+000  0.000000000000000E+000
 C3 -0.448628421560132      -7.825035936146026E-002  -1.47112520215653     
 C7 -0.445243842709219       -1.21980344059388       0.827911625932071     
 C8 -0.481141368186245        1.28137786368313       0.705814204840302     
   445.000000000000        1405.90024122950     
 C2  0.000000000000000E+000  0.000000000000000E+000  0.000000000000000E+000
 C1   1.54000000000000       0.000000000000000E+000  0.000000000000000E+000
 C3 -0.405848765251647      -9.137409918952416E-002  -1.48274660462698     
 C7 -0.561473174874429       -1.29380636240654       0.618395620942949     
 C8 -0.361307550239850        1.30146068007770       0.739768132473266     
   445.000000000000        1581.88864441463     
 C2  0.000000000000000E+000  0.000000000000000E+000  0.000000000000000E+000
 C1   1.54000000000000       0.000000000000000E+000  0.000000000000000E+000
 C3 -0.405848765251647      -9.137409918952416E-002  -1.48274660462698     
 C7 -0.329719584227234       -1.30861914525526       0.741890222308556     
 C8 -0.361307550239850        1.30146068007770       0.739768132473266     
   445.000000000000        1339.51669174901     
 C2  0.000000000000000E+000  0.000000000000000E+000  0.000000000000000E+000
 C1   1.54000000000000       0.000000000000000E+000  0.000000000000000E+000
 C3 -0.682860056761231      -0.150957071098627       -1.37204739180437     
 C7 -0.609979132483654       -1.15635985448178       0.813853499338793     
 C8 -0.361307550239850        1.30146068007770       0.739768132473266     
   445.000000000000        1011.68309840762     
 C2  0.000000000000000E+000  0.000000000000000E+000  0.000000000000000E+000
 C1   1.54000000000000       0.000000000000000E+000  0.000000000000000E+000
 C3 -0.682860056761231      -0.150957071098627       -1.37204739180437     
 C7 -0.551817499322053       -1.15541302417456       0.855639155554714     
 C8 -0.614092428651360        1.29171122134569       0.570940055692651     
   445.000000000000        921.256498188532     
 C2  0.000000000000000E+000  0.000000000000000E+000  0.000000000000000E+000
 C1   1.54000000000000       0.000000000000000E+000  0.000000000000000E+000
 C3 -0.682860056761231      -0.150957071098627       -1.37204739180437     
 C7 -0.515085967878786       -1.17874348279209       0.846670196108368     
 C8 -0.614092428651360        1.29171122134569       0.570940055692651     
   445.000000000000        494.297120751117     
 C2  0.000000000000000E+000  0.000000000000000E+000  0.000000000000000E+000
 C1   1.54000000000000       0.000000000000000E+000  0.000000000000000E+000
 C3 -0.433846028615010      -0.145422733785948       -1.47045224055221     
 C7 -0.515085967878786       -1.17874348279209       0.846670196108368     
 C8 -0.427034070492275        1.39895527151874       0.481836059672101     
   445.000000000000        557.552421391572     
 C2  0.000000000000000E+000  0.000000000000000E+000  0.000000000000000E+000
 C1   1.54000000000000       0.000000000000000E+000  0.000000000000000E+000
 C3 -0.433846028615010      -0.145422733785948       -1.47045224055221     
 C7 -0.638148197182620       -1.14287125987975       0.811302862858308     
 C8 -0.576691593668227        1.28352921945597       0.625763122968094     
   445.000000000000        230.027620104627     
 C2  0.000000000000000E+000  0.000000000000000E+000  0.000000000000000E+000
 C1   1.54000000000000       0.000000000000000E+000  0.000000000000000E+000
 C3 -0.478880470367555      -0.204721340450966       -1.44926278074624     
 C7 -0.535010094952957       -1.20000790991637       0.803333920574261     
 C8 -0.576691593668227        1.28352921945597       0.625763122968094     
   445.000000000000        479.487202574349     
 C2  0.000000000000000E+000  0.000000000000000E+000  0.000000000000000E+000
 C1   1.54000000000000       0.000000000000000E+000  0.000000000000000E+000
 C3 -0.459767856375554      -0.135944999874170       -1.46346589131584     
 C7 -0.535010094952957       -1.20000790991637       0.803333920574261     
 C8 -0.675775700514154        1.26274609894759       0.566038364122849     
   445.000000000000        346.702650112790     
 C2  0.000000000000000E+000  0.000000000000000E+000  0.000000000000000E+000
 C1   1.54000000000000       0.000000000000000E+000  0.000000000000000E+000
 C3 -0.632843865438834      -0.118759993952277       -1.39892982154385     
 C7 -0.535010094952957       -1.20000790991637       0.803333920574261     
 C8 -0.463970116014571        1.29412104929365       0.693961366858530     
   445.000000000000        486.610884991304     
 C2  0.000000000000000E+000  0.000000000000000E+000  0.000000000000000E+000
 C1   1.54000000000000       0.000000000000000E+000  0.000000000000000E+000
 C3 -0.632843865438834      -0.118759993952277       -1.39892982154385     
 C7 -0.390203572881504       -1.25877793410121       0.796755582245288     
 C8 -0.463970116014571        1.29412104929365       0.693961366858530     
   445.000000000000        552.003501801520     
 C2  0.000000000000000E+000  0.000000000000000E+000  0.000000000000000E+000
 C1   1.54000000000000       0.000000000000000E+000  0.000000000000000E+000
 C3 -0.516477735536313      -2.039005780795582E-002  -1.45066706519094     
 C7 -0.444705260442193       -1.17197405530830       0.894602827252351     
 C8 -0.549668694697074        1.29406281687365       0.628383393738789     
   445.000000000000        416.038106332274     
 C2  0.000000000000000E+000  0.000000000000000E+000  0.000000000000000E+000
 C1   1.54000000000000       0.000000000000000E+000  0.000000000000000E+000
 C3 -0.638440256210334      -9.987892668816013E-002  -1.39786200286205     
 C7 -0.444705260442193       -1.17197405530830       0.894602827252351     
 C8 -0.549668694697074        1.29406281687365       0.628383393738789     
   445.000000000000        1751.88995267173     
 C2  0.000000000000000E+000  0.000000000000000E+000  0.000000000000000E+000
 C1   1.54000000000000       0.000000000000000E+000  0.000000000000000E+000
 C3 -0.638440256210334      -9.987892668816013E-002  -1.39786200286205     
 C7 -0.414122839610307       -1.18067825863638       0.897831441198787     
 C8 -0.723098538874667        1.14777116233203       0.728937445510870     
   445.000000000000        1539.92887656729     
 C2  0.000000000000000E+000  0.000000000000000E+000  0.000000000000000E+000
 C1   1.54000000000000       0.000000000000000E+000  0.000000000000000E+000
 C3 -0.546564778996814      -8.270333276665928E-002  -1.43736809513126     
 C7 -0.295711523464637       -1.39124933948230       0.590406761300152     
 C8 -0.723098538874667        1.14777116233203       0.728937445510870     
   445.000000000000        1082.84106844260     
 C2  0.000000000000000E+000  0.000000000000000E+000  0.000000000000000E+000
 C1   1.54000000000000       0.000000000000000E+000  0.000000000000000E+000
 C3 -0.546564778996814      -8.270333276665928E-002  -1.43736809513126     
 C7 -0.467440124587843       -1.34128286259748       0.595029567279005     
 C8 -0.723098538874667        1.14777116233203       0.728937445510870     
   445.000000000000        1049.52188285019     
 C2  0.000000000000000E+000  0.000000000000000E+000  0.000000000000000E+000
 C1   1.54000000000000       0.000000000000000E+000  0.000000000000000E+000
 C3 -0.542750589184909      -0.135872907567608       -1.43476837528584     
 C7 -0.442644644762161       -1.26726966711064       0.754780420250352     
 C8 -0.707096348364251        1.12331326046791       0.780885401616985     
   445.000000000000        1348.06965327287     
 C2  0.000000000000000E+000  0.000000000000000E+000  0.000000000000000E+000
 C1   1.54000000000000       0.000000000000000E+000  0.000000000000000E+000
 C3 -0.506180442293301      -4.628133269427416E-002  -1.45369850308639     
 C7 -0.407181405876087       -1.40415666290694       0.483887943879005     
 C8 -0.707096348364251        1.12331326046791       0.780885401616985     
   445.000000000000        1082.02186572903     
 C2  0.000000000000000E+000  0.000000000000000E+000  0.000000000000000E+000
 C1   1.54000000000000       0.000000000000000E+000  0.000000000000000E+000
 C3 -0.485489071692500       6.680472882241554E-003  -1.46145669533553     
 C7 -0.407181405876087       -1.40415666290694       0.483887943879005     
 C8 -0.707096348364251        1.12331326046791       0.780885401616985     
   445.000000000000        952.898674217490     
 C2  0.000000000000000E+000  0.000000000000000E+000  0.000000000000000E+000
 C1   1.54000000000000       0.000000000000000E+000  0.000000000000000E+000
 C3 -0.485489071692500       6.680472882241554E-003  -1.46145669533553     
 C7 -0.329940988416503       -1.33339732133359       0.696269129813885     
 C8 -0.707096348364251        1.12331326046791       0.780885401616985     
   445.000000000000        1270.09111244511     
 C2  0.000000000000000E+000  0.000000000000000E+000  0.000000000000000E+000
 C1   1.54000000000000       0.000000000000000E+000  0.000000000000000E+000
 C3 -0.485489071692500       6.680472882241554E-003  -1.46145669533553     
 C7 -0.444315258322901       -1.39922910663275       0.465125823709879     
 C8 -0.472206923884961        1.15113742138816       0.907470768447418     
   445.000000000000        930.361613748766     
 C2  0.000000000000000E+000  0.000000000000000E+000  0.000000000000000E+000
 C1   1.54000000000000       0.000000000000000E+000  0.000000000000000E+000
 C3 -0.430480039760290      -1.494441084394732E-002  -1.47853425382854     
 C7 -0.525900325595143       -1.32326735236950       0.586508768221379     
 C8 -0.453415864297811        1.32299406009464       0.644748562176757     
   445.000000000000        496.598047758231     
 C2  0.000000000000000E+000  0.000000000000000E+000  0.000000000000000E+000
 C1   1.54000000000000       0.000000000000000E+000  0.000000000000000E+000
 C3 -0.606771660897934      -6.613522027998331E-002  -1.41387914050724     
 C7 -0.547666863115564       -1.22717928108631       0.752125117667458     
 C8 -0.577964298390350        1.29473371261924       0.601017321435068     
   445.000000000000        840.485971384831     
 C2  0.000000000000000E+000  0.000000000000000E+000  0.000000000000000E+000
 C1   1.54000000000000       0.000000000000000E+000  0.000000000000000E+000
 C3 -0.606771660897934      -6.613522027998331E-002  -1.41387914050724     
 C7 -0.435928801369611       -1.09829576035608       0.987579200079135     
 C8 -0.387606801143782        1.34493893333848       0.642261761876770     
   445.000000000000        584.146748574093     
 C2  0.000000000000000E+000  0.000000000000000E+000  0.000000000000000E+000
 C1   1.54000000000000       0.000000000000000E+000  0.000000000000000E+000
 C3 -0.606771660897934      -6.613522027998331E-002  -1.41387914050724     
 C7 -0.461454553333421       -1.24656168969852       0.777652764730161     
 C8 -0.387606801143782        1.34493893333848       0.642261761876770     
   445.000000000000        756.331762435080     
 C2  0.000000000000000E+000  0.000000000000000E+000  0.000000000000000E+000
 C1   1.54000000000000       0.000000000000000E+000  0.000000000000000E+000
 C3 -0.606771660897934      -6.613522027998331E-002  -1.41387914050724     
 C7 -0.604126243413445       -1.14740158562504       0.830723333506972     
 C8 -0.318256512566270        1.32894128410461       0.710089989426105     
   445.000000000000        756.331762435080     
 C2  0.000000000000000E+000  0.000000000000000E+000  0.000000000000000E+000
 C1   1.54000000000000       0.000000000000000E+000  0.000000000000000E+000
 C3 -0.606771660897934      -6.613522027998331E-002  -1.41387914050724     
 C7 -0.604126243413445       -1.14740158562504       0.830723333506972     
 C8 -0.318256512566270        1.32894128410461       0.710089989426105     
   445.000000000000        674.193289573067     
 C2  0.000000000000000E+000  0.000000000000000E+000  0.000000000000000E+000
 C1   1.54000000000000       0.000000000000000E+000  0.000000000000000E+000
 C3 -0.606771660897934      -6.613522027998331E-002  -1.41387914050724     
 C7 -0.524662499325464       -1.14390385708964       0.887588531384695     
 C8 -0.318256512566270        1.32894128410461       0.710089989426105     
   445.000000000000        548.940681408959     
 C2  0.000000000000000E+000  0.000000000000000E+000  0.000000000000000E+000
 C1   1.54000000000000       0.000000000000000E+000  0.000000000000000E+000
 C3 -0.606771660897934      -6.613522027998331E-002  -1.41387914050724     
 C7 -0.524662499325464       -1.14390385708964       0.887588531384695     
 C8 -0.535023163654043        1.34544901349154       0.524516066407778     
   445.000000000000        692.006407846066     
 C2  0.000000000000000E+000  0.000000000000000E+000  0.000000000000000E+000
 C1   1.54000000000000       0.000000000000000E+000  0.000000000000000E+000
 C3 -0.606771660897934      -6.613522027998331E-002  -1.41387914050724     
 C7 -0.518718381857855       -1.22183502255113       0.780801249678104     
 C8 -0.537691513961481        1.34351412926932       0.526742401690931     
   445.000000000000        670.896185001267     
 C2  0.000000000000000E+000  0.000000000000000E+000  0.000000000000000E+000
 C1   1.54000000000000       0.000000000000000E+000  0.000000000000000E+000
 C3 -0.606771660897934      -6.613522027998331E-002  -1.41387914050724     
 C7 -0.558549259170976       -1.11882479233392       0.898806977413481     
 C8 -0.308843313390977        1.38355255513948       0.601662756377953     
   445.000000000000        670.896185001267     
 C2  0.000000000000000E+000  0.000000000000000E+000  0.000000000000000E+000
 C1   1.54000000000000       0.000000000000000E+000  0.000000000000000E+000
 C3 -0.606771660897934      -6.613522027998331E-002  -1.41387914050724     
 C7 -0.558549259170976       -1.11882479233392       0.898806977413481     
 C8 -0.308843313390977        1.38355255513948       0.601662756377953     
   445.000000000000        670.896185001267     
 C2  0.000000000000000E+000  0.000000000000000E+000  0.000000000000000E+000
 C1   1.54000000000000       0.000000000000000E+000  0.000000000000000E+000
 C3 -0.606771660897934      -6.613522027998331E-002  -1.41387914050724     
 C7 -0.558549259170976       -1.11882479233392       0.898806977413481     
 C8 -0.308843313390977        1.38355255513948       0.601662756377953     
   445.000000000000        482.856350857827     
 C2  0.000000000000000E+000  0.000000000000000E+000  0.000000000000000E+000
 C1   1.54000000000000       0.000000000000000E+000  0.000000000000000E+000
 C3 -0.606771660897934      -6.613522027998331E-002  -1.41387914050724     
 C7 -0.557675778196274       -1.14836374473617       0.861312144171522     
 C8 -0.387131119550718        1.29845730121723       0.731941302744074     
   445.000000000000        371.062972065699     
 C2  0.000000000000000E+000  0.000000000000000E+000  0.000000000000000E+000
 C1   1.54000000000000       0.000000000000000E+000  0.000000000000000E+000
 C3 -0.606771660897934      -6.613522027998331E-002  -1.41387914050724     
 C7 -0.474616358016367       -1.22166707260115       0.808621697664644     
 C8 -0.387131119550718        1.29845730121723       0.731941302744074     
   445.000000000000        661.718761599519     
 C2  0.000000000000000E+000  0.000000000000000E+000  0.000000000000000E+000
 C1   1.54000000000000       0.000000000000000E+000  0.000000000000000E+000
 C3 -0.481267765269646      -4.102998638799033E-002  -1.46229197430649     
 C7 -0.474616358016367       -1.22166707260115       0.808621697664644     
 C8 -0.344259543172896        1.29679243019676       0.755919769149068     
   445.000000000000        661.718761599519     
 C2  0.000000000000000E+000  0.000000000000000E+000  0.000000000000000E+000
 C1   1.54000000000000       0.000000000000000E+000  0.000000000000000E+000
 C3 -0.481267765269646      -4.102998638799033E-002  -1.46229197430649     
 C7 -0.474616358016367       -1.22166707260115       0.808621697664644     
 C8 -0.344259543172896        1.29679243019676       0.755919769149068     
   445.000000000000        740.244567205647     
 C2  0.000000000000000E+000  0.000000000000000E+000  0.000000000000000E+000
 C1   1.54000000000000       0.000000000000000E+000  0.000000000000000E+000
 C3 -0.481267765269646      -4.102998638799033E-002  -1.46229197430649     
 C7 -0.474616358016367       -1.22166707260115       0.808621697664644     
 C8 -0.449657236680459        1.21184335904612       0.837164249181920     
   445.000000000000        1085.86376548730     
 C2  0.000000000000000E+000  0.000000000000000E+000  0.000000000000000E+000
 C1   1.54000000000000       0.000000000000000E+000  0.000000000000000E+000
 C3 -0.481267765269646      -4.102998638799033E-002  -1.46229197430649     
 C7 -0.400031171979629       -1.33573078760827       0.653757216395081     
 C8 -0.367988518296471        1.26018961867706       0.805050627508710     
   445.000000000000        821.129703912141     
 C2  0.000000000000000E+000  0.000000000000000E+000  0.000000000000000E+000
 C1   1.54000000000000       0.000000000000000E+000  0.000000000000000E+000
 C3 -0.481267765269646      -4.102998638799033E-002  -1.46229197430649     
 C7 -0.400031171979629       -1.33573078760827       0.653757216395081     
 C8 -0.549372268254547        1.11850706064313       0.904838109075840     
   445.000000000000        387.739352614782     
 C2  0.000000000000000E+000  0.000000000000000E+000  0.000000000000000E+000
 C1   1.54000000000000       0.000000000000000E+000  0.000000000000000E+000
 C3 -0.577467377995685       4.854197062933444E-002  -1.42680588877045     
 C7 -0.422045357566168       -1.31765969551240       0.676203236081914     
 C8 -0.549372268254547        1.11850706064313       0.904838109075840     
   445.000000000000        937.207523630019     
 C2  0.000000000000000E+000  0.000000000000000E+000  0.000000000000000E+000
 C1   1.54000000000000       0.000000000000000E+000  0.000000000000000E+000
 C3 -0.461011156492323       0.110008962069768       -1.46525311180211     
 C7 -0.330605406564298       -1.41742911953345       0.503184786890181     
 C8 -0.683006402383630        1.01915328607098       0.930821557155458     
   445.000000000000        1187.23079302032     
 C2  0.000000000000000E+000  0.000000000000000E+000  0.000000000000000E+000
 C1   1.54000000000000       0.000000000000000E+000  0.000000000000000E+000
 C3 -0.461011156492323       0.110008962069768       -1.46525311180211     
 C7 -0.468595952706563       -1.36562058511479       0.535815662449697     
 C8 -0.395591126450713        1.08198226770072        1.02196965244878     
   445.000000000000        963.137767610595     
 C2  0.000000000000000E+000  0.000000000000000E+000  0.000000000000000E+000
 C1   1.54000000000000       0.000000000000000E+000  0.000000000000000E+000
 C3 -0.667709783399842       0.113637548754231       -1.38305823899685     
 C7 -0.499429897040751       -1.27457160583883       0.705434031671237     
 C8 -0.524576928844805        1.27908556186028       0.678497685063071     
   445.000000000000        971.991267508296     
 C2  0.000000000000000E+000  0.000000000000000E+000  0.000000000000000E+000
 C1   1.54000000000000       0.000000000000000E+000  0.000000000000000E+000
 C3 -0.667709783399842       0.113637548754231       -1.38305823899685     
 C7 -0.550609556151411       -1.20566768577181       0.784088465461029     
 C8 -0.524576928844805        1.27908556186028       0.678497685063071     
   445.000000000000        988.318376718572     
 C2  0.000000000000000E+000  0.000000000000000E+000  0.000000000000000E+000
 C1   1.54000000000000       0.000000000000000E+000  0.000000000000000E+000
 C3 -0.667709783399842       0.113637548754231       -1.38305823899685     
 C7 -0.569023339326861       -1.20183965932079       0.776784427041140     
 C8 -0.524576928844805        1.27908556186028       0.678497685063071     
   445.000000000000        894.546982121509     
 C2  0.000000000000000E+000  0.000000000000000E+000  0.000000000000000E+000
 C1   1.54000000000000       0.000000000000000E+000  0.000000000000000E+000
 C3 -0.667709783399842       0.113637548754231       -1.38305823899685     
 C7 -0.385454568541379       -1.30890144779580       0.714004165994347     
 C8 -0.533617334258037        1.23401772083831       0.751034448416317     
   445.000000000000        682.760943988472     
 C2  0.000000000000000E+000  0.000000000000000E+000  0.000000000000000E+000
 C1   1.54000000000000       0.000000000000000E+000  0.000000000000000E+000
 C3 -0.647102043746888       0.139471648814048       -1.39046990041047     
 C7 -0.528284840633541       -1.35087530251500       0.517350188673448     
 C8 -0.425743827479961        1.11097698703685       0.977789478931358     
   445.000000000000        622.689596777465     
 C2  0.000000000000000E+000  0.000000000000000E+000  0.000000000000000E+000
 C1   1.54000000000000       0.000000000000000E+000  0.000000000000000E+000
 C3 -0.647102043746888       0.139471648814048       -1.39046990041047     
 C7 -0.347345632609344       -1.37155801398138       0.608095222230287     
 C8 -0.519672570524910        1.07722826934742       0.970113195784087     
   445.000000000000        530.669014443569     
 C2  0.000000000000000E+000  0.000000000000000E+000  0.000000000000000E+000
 C1   1.54000000000000       0.000000000000000E+000  0.000000000000000E+000
 C3 -0.547136790865184       0.167136097219567       -1.42979257127731     
 C7 -0.364737406428006       -1.42902066462418       0.443245685752142     
 C8 -0.519672570524910        1.07722826934742       0.970113195784087     
   445.000000000000        800.636002839737     
 C2  0.000000000000000E+000  0.000000000000000E+000  0.000000000000000E+000
 C1   1.54000000000000       0.000000000000000E+000  0.000000000000000E+000
 C3 -0.547136790865184       0.167136097219567       -1.42979257127731     
 C7 -0.333094744599323       -1.38757030017834       0.579048121223056     
 C8 -0.564413402666243        1.18578239750855       0.804336716879949     
   445.000000000000        762.358347145284     
 C2  0.000000000000000E+000  0.000000000000000E+000  0.000000000000000E+000
 C1   1.54000000000000       0.000000000000000E+000  0.000000000000000E+000
 C3 -0.617658261627188       0.203664367627940       -1.39592945272825     
 C7 -0.381117314555582       -1.36230685144009       0.608662310788137     
 C8 -0.448664481899427        1.21569937682057       0.832090827585312     
   445.000000000000        572.130210406877     
 C2  0.000000000000000E+000  0.000000000000000E+000  0.000000000000000E+000
 C1   1.54000000000000       0.000000000000000E+000  0.000000000000000E+000
 C3 -0.518163974280845       0.133552166715813       -1.44404634770315     
 C7 -0.380001181662343       -1.33148310816342       0.674056383486816     
 C8 -0.432619846239728        1.24181090662721       0.801464708076937     
   445.000000000000        572.130210406877     
 C2  0.000000000000000E+000  0.000000000000000E+000  0.000000000000000E+000
 C1   1.54000000000000       0.000000000000000E+000  0.000000000000000E+000
 C3 -0.518163974280845       0.133552166715813       -1.44404634770315     
 C7 -0.380001181662343       -1.33148310816342       0.674056383486816     
 C8 -0.432619846239728        1.24181090662721       0.801464708076937     
   445.000000000000        565.917320005203     
 C2  0.000000000000000E+000  0.000000000000000E+000  0.000000000000000E+000
 C1   1.54000000000000       0.000000000000000E+000  0.000000000000000E+000
 C3 -0.506621790623655       0.236602238339678       -1.43490546095196     
 C7 -0.556833085906156       -1.25270083368132       0.701625048899332     
 C8 -0.377433114233647        1.23109710741532       0.844715392226956     
   445.000000000000        1300.57893165683     
 C2  0.000000000000000E+000  0.000000000000000E+000  0.000000000000000E+000
 C1   1.54000000000000       0.000000000000000E+000  0.000000000000000E+000
 C3 -0.506621790623655       0.236602238339678       -1.43490546095196     
 C7 -0.647427684602905       -1.33477716872904       0.413288611696532     
 C8 -0.555899543162433        1.24511692183659       0.715723051423934     
   445.000000000000        766.848677846039     
 C2  0.000000000000000E+000  0.000000000000000E+000  0.000000000000000E+000
 C1   1.54000000000000       0.000000000000000E+000  0.000000000000000E+000
 C3 -0.515267589569030       0.194204351421647       -1.43818772099487     
 C7 -0.647427684602905       -1.33477716872904       0.413288611696532     
 C8 -0.438569413033553        1.18117723642142       0.885481306173587     
   445.000000000000        1529.17106134258     
 C2  0.000000000000000E+000  0.000000000000000E+000  0.000000000000000E+000
 C1   1.54000000000000       0.000000000000000E+000  0.000000000000000E+000
 C3 -0.515267589569030       0.194204351421647       -1.43818772099487     
 C7 -0.529033942824204       -1.40540410530874       0.341412597350835     
 C8 -0.347667323688511        1.15525965603628       0.957132434225187     
   445.000000000000        1183.35865460934     
 C2  0.000000000000000E+000  0.000000000000000E+000  0.000000000000000E+000
 C1   1.54000000000000       0.000000000000000E+000  0.000000000000000E+000
 C3 -0.515267589569030       0.194204351421647       -1.43818772099487     
 C7 -0.713408813448252       -1.24805914723054       0.552264794656658     
 C8 -0.347667323688511        1.15525965603628       0.957132434225187     
   445.000000000000        1601.14432719098     
 C2  0.000000000000000E+000  0.000000000000000E+000  0.000000000000000E+000
 C1   1.54000000000000       0.000000000000000E+000  0.000000000000000E+000
 C3 -0.622953122651594       0.200107364964181       -1.39408980674042     
 C7 -0.574418847085332       -1.18271263951745       0.801769277253418     
 C8 -0.272695942713893        1.35680428988606       0.675513863104069     
   445.000000000000        2744.77548406136     
 C2  0.000000000000000E+000  0.000000000000000E+000  0.000000000000000E+000
 C1   1.54000000000000       0.000000000000000E+000  0.000000000000000E+000
 C3 -0.698340719070502       0.248024295555089       -1.34996449164202     
 C7 -0.544847150824938       -1.08767548398807       0.944300692193913     
 C8 -0.215044834172649        1.31759959905639       0.767650280618544     
   445.000000000000        1935.75957651550     
 C2  0.000000000000000E+000  0.000000000000000E+000  0.000000000000000E+000
 C1   1.54000000000000       0.000000000000000E+000  0.000000000000000E+000
 C3 -0.560879303748130       6.798129929255350E-002  -1.43261749583248     
 C7 -0.544847150824938       -1.08767548398807       0.944300692193913     
 C8 -0.215044834172649        1.31759959905639       0.767650280618544     
   445.000000000000        1268.88588538825     
 C2  0.000000000000000E+000  0.000000000000000E+000  0.000000000000000E+000
 C1   1.54000000000000       0.000000000000000E+000  0.000000000000000E+000
 C3 -0.592528669140181       3.414221934505791E-002  -1.42103625038103     
 C7 -0.521154822606898       -1.21377597914368       0.791672720785551     
 C8 -0.215044834172649        1.31759959905639       0.767650280618544     
   445.000000000000        606.289967064632     
 C2  0.000000000000000E+000  0.000000000000000E+000  0.000000000000000E+000
 C1   1.54000000000000       0.000000000000000E+000  0.000000000000000E+000
 C3 -0.592528669140181       3.414221934505791E-002  -1.42103625038103     
 C7 -0.621663211067669       -1.26355595970338       0.623346903587200     
 C8 -0.506863344698825        1.18561051771175       0.842031583471552     
   445.000000000000        494.762216184621     
 C2  0.000000000000000E+000  0.000000000000000E+000  0.000000000000000E+000
 C1   1.54000000000000       0.000000000000000E+000  0.000000000000000E+000
 C3 -0.592528669140181       3.414221934505791E-002  -1.42103625038103     
 C7 -0.573404125654253       -1.22009809864646       0.744424953820469     
 C8 -0.506863344698825        1.18561051771175       0.842031583471552     
   445.000000000000        330.378509765328     
 C2  0.000000000000000E+000  0.000000000000000E+000  0.000000000000000E+000
 C1   1.54000000000000       0.000000000000000E+000  0.000000000000000E+000
 C3 -0.559976142500210       7.740208705788584E-002  -1.43249278411498     
 C7 -0.622133448528695       -1.26740579883070       0.615006249416009     
 C8 -0.478221873915348        1.21999441232716       0.809022503191988     
   445.000000000000        451.547650593254     
 C2  0.000000000000000E+000  0.000000000000000E+000  0.000000000000000E+000
 C1   1.54000000000000       0.000000000000000E+000  0.000000000000000E+000
 C3 -0.559976142500210       7.740208705788584E-002  -1.43249278411498     
 C7 -0.387699330748598       -1.36284284700304       0.603281672867973     
 C8 -0.478221873915348        1.21999441232716       0.809022503191988     
   445.000000000000        575.100611303352     
 C2  0.000000000000000E+000  0.000000000000000E+000  0.000000000000000E+000
 C1   1.54000000000000       0.000000000000000E+000  0.000000000000000E+000
 C3 -0.559976142500210       7.740208705788584E-002  -1.43249278411498     
 C7 -0.445147962157128       -1.33530404881876       0.624825225566493     
 C8 -0.386601548560567        1.16725674963249       0.927173587069640     
