         100
   304.000000000000        1348.67967790279     
 C1  0.000000000000000E+000  0.000000000000000E+000  0.000000000000000E+000
 C2   1.54000000000000       0.000000000000000E+000  0.000000000000000E+000
 C3 -0.701136935132002        1.06074922033415       0.868802641309300     
 C4 -0.307910694533356       -1.48212215701057       0.283028425072410     
   304.000000000000        218.007489631118     
 C1  0.000000000000000E+000  0.000000000000000E+000  0.000000000000000E+000
 C2   1.54000000000000       0.000000000000000E+000  0.000000000000000E+000
 C3 -0.687457070889671        1.10358514981412       0.825289362942079     
 C4 -0.637103205270683       -1.38805901979207       0.197463507809271     
   304.000000000000        244.271764891573     
 C1  0.000000000000000E+000  0.000000000000000E+000  0.000000000000000E+000
 C2   1.54000000000000       0.000000000000000E+000  0.000000000000000E+000
 C3 -0.510449843426298       0.916031215147225        1.12779772566439     
 C4 -0.637103205270683       -1.38805901979207       0.197463507809271     
   304.000000000000        322.214556843679     
 C1  0.000000000000000E+000  0.000000000000000E+000  0.000000000000000E+000
 C2   1.54000000000000       0.000000000000000E+000  0.000000000000000E+000
 C3 -0.699791485907194        1.13013523285036       0.777615696545462     
 C4 -0.593325732183779       -1.40924778794988       0.183263256534380     
   304.000000000000        1369.37610584763     
 C1  0.000000000000000E+000  0.000000000000000E+000  0.000000000000000E+000
 C2   1.54000000000000       0.000000000000000E+000  0.000000000000000E+000
 C3 -0.642968370795311        1.11585362846041       0.844430159220029     
 C4 -0.712883089583192       -1.31783950139780      -0.355945111850912     
   304.000000000000        194.987873677154     
 C1  0.000000000000000E+000  0.000000000000000E+000  0.000000000000000E+000
 C2   1.54000000000000       0.000000000000000E+000  0.000000000000000E+000
 C3 -0.483423496089877        1.01052811685856        1.05675663624997     
 C4 -0.549506448792010       -1.39404866460891       0.355346530793181     
   304.000000000000        558.237459619293     
 C1  0.000000000000000E+000  0.000000000000000E+000  0.000000000000000E+000
 C2   1.54000000000000       0.000000000000000E+000  0.000000000000000E+000
 C3 -0.605825791155893       0.918063246387963        1.07783807976604     
 C4 -0.549506448792010       -1.39404866460891       0.355346530793181     
   304.000000000000        516.787692345347     
 C1  0.000000000000000E+000  0.000000000000000E+000  0.000000000000000E+000
 C2   1.54000000000000       0.000000000000000E+000  0.000000000000000E+000
 C3 -0.416828513035219       0.952773344753802        1.13581551496681     
 C4 -0.549506448792010       -1.39404866460891       0.355346530793181     
   304.000000000000        195.051913075433     
 C1  0.000000000000000E+000  0.000000000000000E+000  0.000000000000000E+000
 C2   1.54000000000000       0.000000000000000E+000  0.000000000000000E+000
 C3 -0.601084662270495       0.928361692679574        1.07165373891948     
 C4 -0.683585864428503       -1.37863941828031       6.053010677262279E-002
   304.000000000000        784.389511201954     
 C1  0.000000000000000E+000  0.000000000000000E+000  0.000000000000000E+000
 C2   1.54000000000000       0.000000000000000E+000  0.000000000000000E+000
 C3 -0.482517058539112       0.939334511412731        1.12090494854808     
 C4 -0.615426736162619       -1.39953967847165      -0.184766864746719     
   304.000000000000        44.0496279068784     
 C1  0.000000000000000E+000  0.000000000000000E+000  0.000000000000000E+000
 C2   1.54000000000000       0.000000000000000E+000  0.000000000000000E+000
 C3 -0.606847386019651       0.957020874449216        1.04280738189820     
 C4 -0.534889540895336       -1.43945467740755       0.116032686079976     
   304.000000000000        279.880749060247     
 C1  0.000000000000000E+000  0.000000000000000E+000  0.000000000000000E+000
 C2   1.54000000000000       0.000000000000000E+000  0.000000000000000E+000
 C3 -0.504167063745958       0.955232756181313        1.09770027473070     
 C4 -0.454906916706495       -1.43972207070410       0.303084525782355     
   304.000000000000        89.6405992352520     
 C1  0.000000000000000E+000  0.000000000000000E+000  0.000000000000000E+000
 C2   1.54000000000000       0.000000000000000E+000  0.000000000000000E+000
 C3 -0.504167063745958       0.955232756181313        1.09770027473070     
 C4 -0.604065165124573       -1.40478176000769       0.182465494111486     
   304.000000000000        473.949976590574     
 C1  0.000000000000000E+000  0.000000000000000E+000  0.000000000000000E+000
 C2   1.54000000000000       0.000000000000000E+000  0.000000000000000E+000
 C3 -0.385076221427064       0.983348728354704        1.12086641573671     
 C4 -0.604065165124573       -1.40478176000769       0.182465494111486     
   304.000000000000        517.746964359590     
 C1  0.000000000000000E+000  0.000000000000000E+000  0.000000000000000E+000
 C2   1.54000000000000       0.000000000000000E+000  0.000000000000000E+000
 C3 -0.406088372549762        1.13878452455650       0.953866856590749     
 C4 -0.498825796020577       -1.40133140976173       0.398802305344749     
   304.000000000000        519.050671424742     
 C1  0.000000000000000E+000  0.000000000000000E+000  0.000000000000000E+000
 C2   1.54000000000000       0.000000000000000E+000  0.000000000000000E+000
 C3 -0.755995712185270        1.20917382862813       0.581351077327706     
 C4 -0.593371911021616       -1.28950314441161       0.597236627537003     
   304.000000000000        329.985718286016     
 C1  0.000000000000000E+000  0.000000000000000E+000  0.000000000000000E+000
 C2   1.54000000000000       0.000000000000000E+000  0.000000000000000E+000
 C3 -0.633937306552017        1.30205111663865       0.523818977141360     
 C4 -0.607465160975109       -1.13876254928822       0.840122674404591     
   304.000000000000        475.780208563040     
 C1  0.000000000000000E+000  0.000000000000000E+000  0.000000000000000E+000
 C2   1.54000000000000       0.000000000000000E+000  0.000000000000000E+000
 C3 -0.583011374746357        1.37476803780492       0.376444576183778     
 C4 -0.761409706021555       -1.17971829078171       0.632550541443049     
   304.000000000000        315.673432162010     
 C1  0.000000000000000E+000  0.000000000000000E+000  0.000000000000000E+000
 C2   1.54000000000000       0.000000000000000E+000  0.000000000000000E+000
 C3 -0.457786265723616        1.31067003848560       0.666465096552544     
 C4 -0.637520899018977       -1.18223315114518       0.753320684141894     
   304.000000000000        301.751331040946     
 C1  0.000000000000000E+000  0.000000000000000E+000  0.000000000000000E+000
 C2   1.54000000000000       0.000000000000000E+000  0.000000000000000E+000
 C3 -0.672344843175287        1.26798013690385       0.558371492883274     
 C4 -0.670148514215701       -1.23972625410603       0.620950849329761     
   304.000000000000        354.446827990858     
 C1  0.000000000000000E+000  0.000000000000000E+000  0.000000000000000E+000
 C2   1.54000000000000       0.000000000000000E+000  0.000000000000000E+000
 C3 -0.528883753679706        1.23785091676996       0.748068862296279     
 C4 -0.701570646719423       -1.24381841934067       0.576467293850402     
   304.000000000000        477.319187473523     
 C1  0.000000000000000E+000  0.000000000000000E+000  0.000000000000000E+000
 C2   1.54000000000000       0.000000000000000E+000  0.000000000000000E+000
 C3 -0.445454849149874        1.25560047889903       0.772423041182231     
 C4 -0.662314829664737       -1.33015707698768       0.404501409706322     
   304.000000000000        255.675934890608     
 C1  0.000000000000000E+000  0.000000000000000E+000  0.000000000000000E+000
 C2   1.54000000000000       0.000000000000000E+000  0.000000000000000E+000
 C3 -0.610274936108783        1.28297686733172       0.594251461959433     
 C4 -0.496619572306181       -1.18501356054671       0.848947604526613     
   304.000000000000        707.972813588223     
 C1  0.000000000000000E+000  0.000000000000000E+000  0.000000000000000E+000
 C2   1.54000000000000       0.000000000000000E+000  0.000000000000000E+000
 C3 -0.401008008114488        1.40912950493581       0.474496106980057     
 C4 -0.540563588969031      -0.968967405917740        1.06793883067271     
   304.000000000000        80.8412412397911     
 C1  0.000000000000000E+000  0.000000000000000E+000  0.000000000000000E+000
 C2   1.54000000000000       0.000000000000000E+000  0.000000000000000E+000
 C3 -0.546468308861897        1.43610501412524       0.102833436224735     
 C4 -0.540563588969031      -0.968967405917740        1.06793883067271     
   304.000000000000        311.745789454934     
 C1  0.000000000000000E+000  0.000000000000000E+000  0.000000000000000E+000
 C2   1.54000000000000       0.000000000000000E+000  0.000000000000000E+000
 C3 -0.726171428340789        1.34893093195723       0.157036101780188     
 C4 -0.550917630234251       -1.04649557756092       0.986375660867177     
   304.000000000000        461.059985373852     
 C1  0.000000000000000E+000  0.000000000000000E+000  0.000000000000000E+000
 C2   1.54000000000000       0.000000000000000E+000  0.000000000000000E+000
 C3 -0.629907429800016        1.37566683196078       0.286979680670149     
 C4 -0.569827395211318      -0.925432724734491        1.09108715745618     
   304.000000000000        500.296370324847     
 C1  0.000000000000000E+000  0.000000000000000E+000  0.000000000000000E+000
 C2   1.54000000000000       0.000000000000000E+000  0.000000000000000E+000
 C3 -0.454190170604276        1.40441822485464       0.439227365284094     
 C4 -0.727683726592123       -1.08966388408912       0.809141018162744     
   304.000000000000        380.619808084231     
 C1  0.000000000000000E+000  0.000000000000000E+000  0.000000000000000E+000
 C2   1.54000000000000       0.000000000000000E+000  0.000000000000000E+000
 C3 -0.444043258784682        1.42777272930599       0.368633364699705     
 C4 -0.684788884550720       -1.08493616958165       0.851808584740679     
   304.000000000000        341.673071850877     
 C1  0.000000000000000E+000  0.000000000000000E+000  0.000000000000000E+000
 C2   1.54000000000000       0.000000000000000E+000  0.000000000000000E+000
 C3 -0.643460584985473        1.37690185654027       0.248394228632467     
 C4 -0.429484952571350       -1.00098383629002        1.08865706653176     
   304.000000000000        370.816396515016     
 C1  0.000000000000000E+000  0.000000000000000E+000  0.000000000000000E+000
 C2   1.54000000000000       0.000000000000000E+000  0.000000000000000E+000
 C3 -0.619561056019145        1.27396395678939       0.603953536671297     
 C4 -0.519358801300737       -1.36470449353534       0.489334501486008     
   304.000000000000        899.426846351666     
 C1  0.000000000000000E+000  0.000000000000000E+000  0.000000000000000E+000
 C2   1.54000000000000       0.000000000000000E+000  0.000000000000000E+000
 C3 -0.611149685935554        1.32638032571387       0.488683161907437     
 C4 -0.760771141426699       -1.31656521735893       0.243892337562292     
   304.000000000000        544.700417194602     
 C1  0.000000000000000E+000  0.000000000000000E+000  0.000000000000000E+000
 C2   1.54000000000000       0.000000000000000E+000  0.000000000000000E+000
 C3 -0.655641946702885        1.20787774489173       0.694812874744516     
 C4 -0.760771141426699       -1.31656521735893       0.243892337562292     
   304.000000000000        225.804414985105     
 C1  0.000000000000000E+000  0.000000000000000E+000  0.000000000000000E+000
 C2   1.54000000000000       0.000000000000000E+000  0.000000000000000E+000
 C3 -0.621668491843734        1.15597513071165       0.805512087567119     
 C4 -0.564468208328113       -1.30914390791726       0.582338427083951     
   304.000000000000        23.2441063097934     
 C1  0.000000000000000E+000  0.000000000000000E+000  0.000000000000000E+000
 C2   1.54000000000000       0.000000000000000E+000  0.000000000000000E+000
 C3 -0.548168083220799        1.19732026686549       0.798458434035868     
 C4 -0.605317019200674       -1.32840316696118       0.490445211804707     
   304.000000000000        223.343510624961     
 C1  0.000000000000000E+000  0.000000000000000E+000  0.000000000000000E+000
 C2   1.54000000000000       0.000000000000000E+000  0.000000000000000E+000
 C3 -0.541768596971340        1.03771078172883        1.00062133727563     
 C4 -0.592775836425802       -1.36302829798339       0.402952652497558     
   304.000000000000        77.6460665433602     
 C1  0.000000000000000E+000  0.000000000000000E+000  0.000000000000000E+000
 C2   1.54000000000000       0.000000000000000E+000  0.000000000000000E+000
 C3 -0.541768596971340        1.03771078172883        1.00062133727563     
 C4 -0.627616986063361       -1.39830402791051       0.149809672059706     
   304.000000000000        361.314600095206     
 C1  0.000000000000000E+000  0.000000000000000E+000  0.000000000000000E+000
 C2   1.54000000000000       0.000000000000000E+000  0.000000000000000E+000
 C3 -0.452793638932737       0.995828674663816        1.08392947697310     
 C4 -0.680837522442037       -1.37807629390140       9.468986075921125E-002
   304.000000000000        399.950401420727     
 C1  0.000000000000000E+000  0.000000000000000E+000  0.000000000000000E+000
 C2   1.54000000000000       0.000000000000000E+000  0.000000000000000E+000
 C3 -0.675835523352284        1.13669780278480       0.789154224667885     
 C4 -0.674878575843786       -1.38183765073018       8.163203047948309E-002
   304.000000000000        365.363730164836     
 C1  0.000000000000000E+000  0.000000000000000E+000  0.000000000000000E+000
 C2   1.54000000000000       0.000000000000000E+000  0.000000000000000E+000
 C3 -0.404808745043756        1.10424772117781       0.994166379436326     
 C4 -0.561501681600009       -1.37294083140032       0.413943847088959     
   304.000000000000        770.818759517155     
 C1  0.000000000000000E+000  0.000000000000000E+000  0.000000000000000E+000
 C2   1.54000000000000       0.000000000000000E+000  0.000000000000000E+000
 C3 -0.437224875585172        1.07249451824481        1.01498268768298     
 C4 -0.774382390702026       -1.31766155466171       0.188944737544436     
   304.000000000000        726.069736118685     
 C1  0.000000000000000E+000  0.000000000000000E+000  0.000000000000000E+000
 C2   1.54000000000000       0.000000000000000E+000  0.000000000000000E+000
 C3 -0.437224875585172        1.07249451824481        1.01498268768298     
 C4 -0.511670930891000       -1.32640779952476       0.591975828349148     
   304.000000000000        519.766406652783     
 C1  0.000000000000000E+000  0.000000000000000E+000  0.000000000000000E+000
 C2   1.54000000000000       0.000000000000000E+000  0.000000000000000E+000
 C3 -0.764242978916092        1.19790819760166       0.593757997072885     
 C4 -0.577320927192197       -1.37512223960665       0.383848338115145     
   304.000000000000        445.387049657286     
 C1  0.000000000000000E+000  0.000000000000000E+000  0.000000000000000E+000
 C2   1.54000000000000       0.000000000000000E+000  0.000000000000000E+000
 C3 -0.540431397664786        1.20678925317476       0.789426084337096     
 C4 -0.708400857717277       -1.35040374858721       0.214890935350200     
   304.000000000000        23.3080786998777     
 C1  0.000000000000000E+000  0.000000000000000E+000  0.000000000000000E+000
 C2   1.54000000000000       0.000000000000000E+000  0.000000000000000E+000
 C3 -0.586043654709813        1.21520319737746       0.742585997477587     
 C4 -0.618331587121136       -1.32361375326513       0.487147671701607     
   304.000000000000        154.252373004466     
 C1  0.000000000000000E+000  0.000000000000000E+000  0.000000000000000E+000
 C2   1.54000000000000       0.000000000000000E+000  0.000000000000000E+000
 C3 -0.499114210356036        1.08851533717810       0.968307443708113     
 C4 -0.577588610109589       -1.35860686999611       0.438382189167935     
   304.000000000000        357.734819241716     
 C1  0.000000000000000E+000  0.000000000000000E+000  0.000000000000000E+000
 C2   1.54000000000000       0.000000000000000E+000  0.000000000000000E+000
 C3 -0.521398282898923        1.18577528101893       0.832874992604732     
 C4 -0.550806113126204       -1.40495677076362       0.307098146423762     
   304.000000000000        105.481355323291     
 C1  0.000000000000000E+000  0.000000000000000E+000  0.000000000000000E+000
 C2   1.54000000000000       0.000000000000000E+000  0.000000000000000E+000
 C3 -0.549971326844521        1.17077042011910       0.835720110332903     
 C4 -0.522170355116021       -1.32776911663646       0.579627006490440     
   304.000000000000        150.995131314565     
 C1  0.000000000000000E+000  0.000000000000000E+000  0.000000000000000E+000
 C2   1.54000000000000       0.000000000000000E+000  0.000000000000000E+000
 C3 -0.529724830720750        1.29685761315778       0.639649806303720     
 C4 -0.590457606147829       -1.31153051498038       0.550315997519710     
   304.000000000000        232.897541670662     
 C1  0.000000000000000E+000  0.000000000000000E+000  0.000000000000000E+000
 C2   1.54000000000000       0.000000000000000E+000  0.000000000000000E+000
 C3 -0.619280130140630        1.36132790218741       0.367257951487562     
 C4 -0.691496033578719       -1.12147528453280       0.797324648581496     
   304.000000000000        278.698368490572     
 C1  0.000000000000000E+000  0.000000000000000E+000  0.000000000000000E+000
 C2   1.54000000000000       0.000000000000000E+000  0.000000000000000E+000
 C3 -0.548865843010438        1.39030094744929       0.370687876372923     
 C4 -0.566885193510936       -1.21970167045584       0.750046122564428     
   304.000000000000        635.395683608682     
 C1  0.000000000000000E+000  0.000000000000000E+000  0.000000000000000E+000
 C2   1.54000000000000       0.000000000000000E+000  0.000000000000000E+000
 C3 -0.668066161436038        1.37188440313307       0.207895955170263     
 C4 -0.724194322301008       -1.23577621807898       0.565685332924621     
   304.000000000000        960.307527614275     
 C1  0.000000000000000E+000  0.000000000000000E+000  0.000000000000000E+000
 C2   1.54000000000000       0.000000000000000E+000  0.000000000000000E+000
 C3 -0.569543853196326        1.43061846204971       2.346391102548285E-002
 C4 -0.746772762013242       -1.15001028270754       0.701004254687994     
   304.000000000000        394.540729510164     
 C1  0.000000000000000E+000  0.000000000000000E+000  0.000000000000000E+000
 C2   1.54000000000000       0.000000000000000E+000  0.000000000000000E+000
 C3 -0.742512813703472        1.31994802955916       0.279306033842541     
 C4 -0.556062972965755       -1.12735144583467       0.889647605054727     
   304.000000000000        204.202028471216     
 C1  0.000000000000000E+000  0.000000000000000E+000  0.000000000000000E+000
 C2   1.54000000000000       0.000000000000000E+000  0.000000000000000E+000
 C3 -0.638253876644902        1.39599562542142       0.124210074244526     
 C4 -0.465997199712042      -0.933163438434709        1.13298401601165     
   304.000000000000        727.677105834373     
 C1  0.000000000000000E+000  0.000000000000000E+000  0.000000000000000E+000
 C2   1.54000000000000       0.000000000000000E+000  0.000000000000000E+000
 C3 -0.782080590730428        1.32662895072859      -2.348719505305268E-003
 C4 -0.465997199712042      -0.933163438434709        1.13298401601165     
   304.000000000000        262.474778097318     
 C1  0.000000000000000E+000  0.000000000000000E+000  0.000000000000000E+000
 C2   1.54000000000000       0.000000000000000E+000  0.000000000000000E+000
 C3 -0.560342743045533        1.41698941164265       0.223062675947009     
 C4 -0.591733585611243      -0.879860033296251        1.11682490076834     
   304.000000000000        804.153482335415     
 C1  0.000000000000000E+000  0.000000000000000E+000  0.000000000000000E+000
 C2   1.54000000000000       0.000000000000000E+000  0.000000000000000E+000
 C3 -0.713066878892919        1.36081268140829       0.106416221207593     
 C4 -0.539962154601773      -0.791124100041737        1.20588710227765     
   304.000000000000        521.216025585435     
 C1  0.000000000000000E+000  0.000000000000000E+000  0.000000000000000E+000
 C2   1.54000000000000       0.000000000000000E+000  0.000000000000000E+000
 C3 -0.713066878892919        1.36081268140829       0.106416221207593     
 C4 -0.477441801083854       -1.10004573167077       0.966203336942780     
   304.000000000000        617.180771046111     
 C1  0.000000000000000E+000  0.000000000000000E+000  0.000000000000000E+000
 C2   1.54000000000000       0.000000000000000E+000  0.000000000000000E+000
 C3 -0.713066878892919        1.36081268140829       0.106416221207593     
 C4 -0.674060355859609       -1.21242445062044       0.668782297690943     
   304.000000000000        158.885151278567     
 C1  0.000000000000000E+000  0.000000000000000E+000  0.000000000000000E+000
 C2   1.54000000000000       0.000000000000000E+000  0.000000000000000E+000
 C3 -0.486529084764286        1.38623449371666       0.461782760505779     
 C4 -0.524021695818344       -1.15971969153698       0.867209128689079     
   304.000000000000        399.642566334670     
 C1  0.000000000000000E+000  0.000000000000000E+000  0.000000000000000E+000
 C2   1.54000000000000       0.000000000000000E+000  0.000000000000000E+000
 C3 -0.658662899042625        1.18687315145760       0.727389336989258     
 C4 -0.429342156271801       -1.31903689696396       0.668885005665541     
   304.000000000000        257.079466413070     
 C1  0.000000000000000E+000  0.000000000000000E+000  0.000000000000000E+000
 C2   1.54000000000000       0.000000000000000E+000  0.000000000000000E+000
 C3 -0.499207652616724        1.25197330906277       0.744952678198511     
 C4 -0.506424996941107       -1.35035391165719       0.540072411120911     
   304.000000000000        414.292420234058     
 C1  0.000000000000000E+000  0.000000000000000E+000  0.000000000000000E+000
 C2   1.54000000000000       0.000000000000000E+000  0.000000000000000E+000
 C3 -0.639701443825891       0.967867792769684        1.01272599368142     
 C4 -0.598282388265183       -1.38131767468150       0.324992059922758     
   304.000000000000        213.571807661615     
 C1  0.000000000000000E+000  0.000000000000000E+000  0.000000000000000E+000
 C2   1.54000000000000       0.000000000000000E+000  0.000000000000000E+000
 C3 -0.685793765806810        1.16396976008400       0.739230172667703     
 C4 -0.565346227936532       -1.33615930995851       0.516393371837572     
   304.000000000000        40.6708685610824     
 C1  0.000000000000000E+000  0.000000000000000E+000  0.000000000000000E+000
 C2   1.54000000000000       0.000000000000000E+000  0.000000000000000E+000
 C3 -0.592800907859976        1.16752548941306       0.810599318407671     
 C4 -0.565346227936532       -1.33615930995851       0.516393371837572     
   304.000000000000        161.597428048879     
 C1  0.000000000000000E+000  0.000000000000000E+000  0.000000000000000E+000
 C2   1.54000000000000       0.000000000000000E+000  0.000000000000000E+000
 C3 -0.549385632373294        1.08128973500779       0.948993085169955     
 C4 -0.524748738579997       -1.36733476800719       0.476061516052356     
   304.000000000000        324.770014523003     
 C1  0.000000000000000E+000  0.000000000000000E+000  0.000000000000000E+000
 C2   1.54000000000000       0.000000000000000E+000  0.000000000000000E+000
 C3 -0.629151739730083        1.23538840143836       0.670509899835937     
 C4 -0.432308653194814       -1.34019029772373       0.623377387918996     
   304.000000000000        161.723491856446     
 C1  0.000000000000000E+000  0.000000000000000E+000  0.000000000000000E+000
 C2   1.54000000000000       0.000000000000000E+000  0.000000000000000E+000
 C3 -0.629151739730083        1.23538840143836       0.670509899835937     
 C4 -0.477119886945418       -1.30455078799099       0.664909037795335     
   304.000000000000        242.860021138699     
 C1  0.000000000000000E+000  0.000000000000000E+000  0.000000000000000E+000
 C2   1.54000000000000       0.000000000000000E+000  0.000000000000000E+000
 C3 -0.660468200126058        1.21357618406325       0.680157733094710     
 C4 -0.477119886945418       -1.30455078799099       0.664909037795335     
   304.000000000000        214.781597028996     
 C1  0.000000000000000E+000  0.000000000000000E+000  0.000000000000000E+000
 C2   1.54000000000000       0.000000000000000E+000  0.000000000000000E+000
 C3 -0.676302194257098        1.34057160522948       0.342174009952960     
 C4 -0.525397215772109       -1.20497254262782       0.802246290537140     
   304.000000000000        364.814331925878     
 C1  0.000000000000000E+000  0.000000000000000E+000  0.000000000000000E+000
 C2   1.54000000000000       0.000000000000000E+000  0.000000000000000E+000
 C3 -0.676302194257098        1.34057160522948       0.342174009952960     
 C4 -0.608964306889280       -1.05599266866312       0.941085612563088     
   304.000000000000        487.485657046534     
 C1  0.000000000000000E+000  0.000000000000000E+000  0.000000000000000E+000
 C2   1.54000000000000       0.000000000000000E+000  0.000000000000000E+000
 C3 -0.448506980897470        1.42590105807866       0.370469432542294     
 C4 -0.549695034875775       -1.16886512816441       0.838564162305278     
   304.000000000000        244.326328592064     
 C1  0.000000000000000E+000  0.000000000000000E+000  0.000000000000000E+000
 C2   1.54000000000000       0.000000000000000E+000  0.000000000000000E+000
 C3 -0.620465218484172        1.38911666674171       0.238700101850809     
 C4 -0.549695034875775       -1.16886512816441       0.838564162305278     
   304.000000000000        795.121558108466     
 C1  0.000000000000000E+000  0.000000000000000E+000  0.000000000000000E+000
 C2   1.54000000000000       0.000000000000000E+000  0.000000000000000E+000
 C3 -0.395085625475891        1.42979643736363       0.413750451403271     
 C4 -0.705032189020415       -1.15341794416305       0.737669866563904     
   304.000000000000        618.789868947057     
 C1  0.000000000000000E+000  0.000000000000000E+000  0.000000000000000E+000
 C2   1.54000000000000       0.000000000000000E+000  0.000000000000000E+000
 C3 -0.395085625475891        1.42979643736363       0.413750451403271     
 C4 -0.610023522634567       -1.15778116633683       0.811796924247001     
   304.000000000000        1151.51572847406     
 C1  0.000000000000000E+000  0.000000000000000E+000  0.000000000000000E+000
 C2   1.54000000000000       0.000000000000000E+000  0.000000000000000E+000
 C3 -0.381670389671209        1.43436172435311       0.410529045441120     
 C4 -0.447690844488446      -0.865769997141513        1.19231514010325     
   304.000000000000        1622.81905445268     
 C1  0.000000000000000E+000  0.000000000000000E+000  0.000000000000000E+000
 C2   1.54000000000000       0.000000000000000E+000  0.000000000000000E+000
 C3 -0.357063069378749        1.33208553850422       0.685313083477581     
 C4 -0.625384714829828       -1.00530327694264       0.984814425835774     
   304.000000000000        1054.13019985753     
 C1  0.000000000000000E+000  0.000000000000000E+000  0.000000000000000E+000
 C2   1.54000000000000       0.000000000000000E+000  0.000000000000000E+000
 C3 -0.437135945134085        1.32197943191670       0.657938057002881     
 C4 -0.451126696914234       -1.06409150776662        1.01773972111678     
   304.000000000000        498.806429854119     
 C1  0.000000000000000E+000  0.000000000000000E+000  0.000000000000000E+000
 C2   1.54000000000000       0.000000000000000E+000  0.000000000000000E+000
 C3 -0.676985869531314        1.25516470475024       0.581250063394383     
 C4 -0.577518557590981       -1.17919726878116       0.804715036796083     
   304.000000000000        233.082075191187     
 C1  0.000000000000000E+000  0.000000000000000E+000  0.000000000000000E+000
 C2   1.54000000000000       0.000000000000000E+000  0.000000000000000E+000
 C3 -0.676985869531314        1.25516470475024       0.581250063394383     
 C4 -0.537505523199391       -1.34139452601565       0.532305092605777     
   304.000000000000        104.085716938580     
 C1  0.000000000000000E+000  0.000000000000000E+000  0.000000000000000E+000
 C2   1.54000000000000       0.000000000000000E+000  0.000000000000000E+000
 C3 -0.580943933524273        1.20778138414466       0.758530298674191     
 C4 -0.594781627473749       -1.28618643415613       0.602958908816393     
   304.000000000000        78.1519622921026     
 C1  0.000000000000000E+000  0.000000000000000E+000  0.000000000000000E+000
 C2   1.54000000000000       0.000000000000000E+000  0.000000000000000E+000
 C3 -0.507580838920976        1.28004563609314       0.689525054853686     
 C4 -0.554729025430911       -1.25440992280412       0.700236836665756     
   304.000000000000        615.813896370664     
 C1  0.000000000000000E+000  0.000000000000000E+000  0.000000000000000E+000
 C2   1.54000000000000       0.000000000000000E+000  0.000000000000000E+000
 C3 -0.549599426346600        1.10134738430241       0.925513019595910     
 C4 -0.356365781749525       -1.39355326748583       0.550102621141055     
   304.000000000000        272.487980612884     
 C1  0.000000000000000E+000  0.000000000000000E+000  0.000000000000000E+000
 C2   1.54000000000000       0.000000000000000E+000  0.000000000000000E+000
 C3 -0.492406224428013        1.02386515662947        1.03963271926987     
 C4 -0.584995065408659       -1.42145051818038       9.412423344115166E-002
   304.000000000000        108.036988626052     
 C1  0.000000000000000E+000  0.000000000000000E+000  0.000000000000000E+000
 C2   1.54000000000000       0.000000000000000E+000  0.000000000000000E+000
 C3 -0.517253231919992       0.824981977464606        1.19308581867304     
 C4 -0.617260793602778       -1.41036968332096       3.803475461522425E-002
   304.000000000000        117.598937814548     
 C1  0.000000000000000E+000  0.000000000000000E+000  0.000000000000000E+000
 C2   1.54000000000000       0.000000000000000E+000  0.000000000000000E+000
 C3 -0.540100019422574       0.980067007540425        1.05799837879946     
 C4 -0.617260793602778       -1.41036968332096       3.803475461522425E-002
   304.000000000000        576.436175667187     
 C1  0.000000000000000E+000  0.000000000000000E+000  0.000000000000000E+000
 C2   1.54000000000000       0.000000000000000E+000  0.000000000000000E+000
 C3 -0.505021879654765       0.666265279517359        1.29330716311765     
 C4 -0.617260793602778       -1.41036968332096       3.803475461522425E-002
   304.000000000000        248.649981464363     
 C1  0.000000000000000E+000  0.000000000000000E+000  0.000000000000000E+000
 C2   1.54000000000000       0.000000000000000E+000  0.000000000000000E+000
 C3 -0.707377326426602       0.799110610314509        1.11024298706730     
 C4 -0.600495575651004       -1.40048219429775      -0.222833706128976     
   304.000000000000        211.649675271905     
 C1  0.000000000000000E+000  0.000000000000000E+000  0.000000000000000E+000
 C2   1.54000000000000       0.000000000000000E+000  0.000000000000000E+000
 C3 -0.696396757712690       0.451020268284021        1.29738668608710     
 C4 -0.539065035199861       -1.34147245280405      -0.530528717131782     
   304.000000000000        174.535152580868     
 C1  0.000000000000000E+000  0.000000000000000E+000  0.000000000000000E+000
 C2   1.54000000000000       0.000000000000000E+000  0.000000000000000E+000
 C3 -0.549397139045012       0.466027934833842        1.36109539979954     
 C4 -0.539065035199861       -1.34147245280405      -0.530528717131782     
   304.000000000000        141.006048002649     
 C1  0.000000000000000E+000  0.000000000000000E+000  0.000000000000000E+000
 C2   1.54000000000000       0.000000000000000E+000  0.000000000000000E+000
 C3 -0.486813105242458       0.537401185002583        1.35860697286368     
 C4 -0.629344216836692       -1.35774320057628      -0.363399823241202     
   304.000000000000        153.641549067079     
 C1  0.000000000000000E+000  0.000000000000000E+000  0.000000000000000E+000
 C2   1.54000000000000       0.000000000000000E+000  0.000000000000000E+000
 C3 -0.588309213796586       0.693779906225941        1.24264301006804     
 C4 -0.684269330135862       -1.35062968476716      -0.281380724232892     
   304.000000000000        332.797888571506     
 C1  0.000000000000000E+000  0.000000000000000E+000  0.000000000000000E+000
 C2   1.54000000000000       0.000000000000000E+000  0.000000000000000E+000
 C3 -0.595296853511484       0.719991709062285        1.22426857138158     
 C4 -0.498697569430653       -1.45543287577868       6.794153262322440E-002
   304.000000000000        234.841010453683     
 C1  0.000000000000000E+000  0.000000000000000E+000  0.000000000000000E+000
 C2   1.54000000000000       0.000000000000000E+000  0.000000000000000E+000
 C3 -0.693869907934532       0.683173211781379        1.19307118536952     
 C4 -0.640501726618307       -1.36272836088118      -0.323000195290489     
   304.000000000000        237.959341359679     
 C1  0.000000000000000E+000  0.000000000000000E+000  0.000000000000000E+000
 C2   1.54000000000000       0.000000000000000E+000  0.000000000000000E+000
 C3 -0.461645190042253       0.596389682289574        1.34268499848669     
 C4 -0.640501726618307       -1.36272836088118      -0.323000195290489     
   304.000000000000        592.975020124887     
 C1  0.000000000000000E+000  0.000000000000000E+000  0.000000000000000E+000
 C2   1.54000000000000       0.000000000000000E+000  0.000000000000000E+000
 C3 -0.402203440647892       0.690845764502192        1.31626914489104     
 C4 -0.569419171130640       -1.40683055216919      -0.261131726415727     
   304.000000000000        40.7510559676778     
 C1  0.000000000000000E+000  0.000000000000000E+000  0.000000000000000E+000
 C2   1.54000000000000       0.000000000000000E+000  0.000000000000000E+000
 C3 -0.595755852161638       0.492502770095374        1.33195943100957     
 C4 -0.550548460416453       -1.39677250188942      -0.342816487653778     
   304.000000000000        510.985413988118     
 C1  0.000000000000000E+000  0.000000000000000E+000  0.000000000000000E+000
 C2   1.54000000000000       0.000000000000000E+000  0.000000000000000E+000
 C3 -0.550648953979110       0.375876459232385        1.38820119459264     
 C4 -0.589836063061767       -1.39659449193968      -0.270587171359214     
   304.000000000000        295.065609064937     
 C1  0.000000000000000E+000  0.000000000000000E+000  0.000000000000000E+000
 C2   1.54000000000000       0.000000000000000E+000  0.000000000000000E+000
 C3 -0.506895638243997       0.410103328089740        1.39516021015894     
 C4 -0.602931807242834       -1.27136982050169      -0.625853168755275     
