         100
   354.00000000000000        151.47036204247465     
 C3   0.0000000000000000        0.0000000000000000        0.0000000000000000     
 C2   1.3236213048746213      -1.69154748607505895E-003  0.78716185117744530     
 C4 -0.15061993873710103        1.3333046146260947      -0.75578606657294889     
   354.00000000000000        4.1313704633094801     
 C3   0.0000000000000000        0.0000000000000000        0.0000000000000000     
 C2   1.4535402426257276      -4.14603591869279545E-002  0.50705206999244856     
 C4 -0.31924885546988924        1.2570169524626447      -0.83041476941159220     
   354.00000000000000        77.188114895940259     
 C3   0.0000000000000000        0.0000000000000000        0.0000000000000000     
 C2   1.3324017878464465       0.11209925149713042       0.76402829368903047     
 C4 -0.51210457687166655        1.3911406373034763      -0.41722508235266259     
   354.00000000000000        63.119324510409704     
 C3   0.0000000000000000        0.0000000000000000        0.0000000000000000     
 C2   1.2355618966539135       2.09095464940058026E-002  0.91899379236336221     
 C4 -0.83075041122324866        1.2944176580949698      -7.70507652042034252E-002
   354.00000000000000        97.024041429861313     
 C3   0.0000000000000000        0.0000000000000000        0.0000000000000000     
 C2   1.3376924669338015       0.32716857135137262       0.68930369927083501     
 C4 -0.93778752384166519        1.2210211745369066       3.55245156708354423E-002
   354.00000000000000        7.1740663786208927     
 C3   0.0000000000000000        0.0000000000000000        0.0000000000000000     
 C2   1.4686720542115725       0.37929745340450433       0.26596210071890586     
 C4 -0.94947672817052575        1.1924821726906345      -0.21927231980310202     
   354.00000000000000        477.45137141484213     
 C3   0.0000000000000000        0.0000000000000000        0.0000000000000000     
 C2   1.4821387043588354       0.35707977423255671       0.21762099134857205     
 C4 -0.71777168966923777        1.3224547579422665      -0.32789839044961117     
   354.00000000000000        161.94202119459425     
 C3   0.0000000000000000        0.0000000000000000        0.0000000000000000     
 C2   1.4723645269062919       6.16528708361980884E-002  0.44714832374242669     
 C4 -0.46705848006388156       0.94259402168546402       -1.1247101965561870     
   354.00000000000000        136.97693681635701     
 C3   0.0000000000000000        0.0000000000000000        0.0000000000000000     
 C2   1.3825447105840711       0.48712780859397298       0.47209810562046906     
 C4 -0.64307179811558224       0.70111923326384895       -1.2109874578087592     
   354.00000000000000        2.4021687705043746     
 C3   0.0000000000000000        0.0000000000000000        0.0000000000000000     
 C2   1.4122476606744427       0.36109193011918278       0.49675865661542601     
 C4 -0.18664458960667585       0.20110405362146766       -1.5153617048552424     
   354.00000000000000        175.96731375659900     
 C3   0.0000000000000000        0.0000000000000000        0.0000000000000000     
 C2   1.4042260287742887       0.31865468327051633       0.54608465730374889     
 C4 -0.38432441413036844       0.51573465810341801       -1.3992543181596824     
   354.00000000000000        242.84171312518296     
 C3   0.0000000000000000        0.0000000000000000        0.0000000000000000     
 C2   1.4635393314020935       9.68484369213220009E-002  0.46933251081190230     
 C4 -0.38432441413036844       0.51573465810341801       -1.3992543181596824     
   354.00000000000000        942.84231008262611     
 C3   0.0000000000000000        0.0000000000000000        0.0000000000000000     
 C2   1.3930877558295558       8.07913564808708934E-002  0.65144398168664241     
 C4 -0.35744687012804344       0.56113770551649778       -1.3888687303836758     
   354.00000000000000        150.92017810583462     
 C3   0.0000000000000000        0.0000000000000000        0.0000000000000000     
 C2   1.4537752341056847       0.23622956510524043       0.44981458543620390     
 C4 -0.20861822957870296       0.58998887719256277       -1.4071217782518768     
   354.00000000000000        51.031546684153426     
 C3   0.0000000000000000        0.0000000000000000        0.0000000000000000     
 C2   1.3500582932634908       0.37200217879231789       0.64074720737919033     
 C4 -0.14910584407951513       0.28624353077348641       -1.5057995311813193     
   354.00000000000000        406.12784348803973     
 C3   0.0000000000000000        0.0000000000000000        0.0000000000000000     
 C2   1.3020933610237848       0.39693738585460170       0.72013442556837393     
 C4 -0.25581527305993651       0.40344614968741749       -1.4640320659486545     
   354.00000000000000        47.877068679826621     
 C3   0.0000000000000000        0.0000000000000000        0.0000000000000000     
 C2   1.3897205195966147       0.29205136870027909       0.59580439361622883     
 C4 -0.14942914505155586       0.60368034413724170       -1.4088438921561608     
   354.00000000000000        59.098854887984068     
 C3   0.0000000000000000        0.0000000000000000        0.0000000000000000     
 C2   1.3258579762792879       0.29129449623467568       0.72721946013563976     
 C4 -0.46083817728916904        1.2134212651535414      -0.82875638602679491     
   354.00000000000000        22.849551919880824     
 C3   0.0000000000000000        0.0000000000000000        0.0000000000000000     
 C2   1.3097352418607442       0.37230483410618626       0.71943221135082458     
 C4 -0.55613000346446728        1.1641249959862057      -0.84091173896012805     
   354.00000000000000       0.66774275562695351     
 C3   0.0000000000000000        0.0000000000000000        0.0000000000000000     
 C2   1.1966388421835428       0.47974266666455889       0.84231968703052573     
 C4 -0.27504761473159750       0.85223087938467290       -1.2528573253199684     
   354.00000000000000        40.482010156475951     
 C3   0.0000000000000000        0.0000000000000000        0.0000000000000000     
 C2   1.1079025591748148       0.55503970561301108       0.91437565834120549     
 C4 -0.50892155131380235        1.0642095730115360      -0.98997827202074307     
   354.00000000000000        574.86532600812097     
 C3   0.0000000000000000        0.0000000000000000        0.0000000000000000     
 C2  0.49415114350240513       0.44336995608280572        1.3895458716495801     
 C4 -0.33570381737184540        1.0038893971941896       -1.1185299124106054     
   354.00000000000000        186.14119728160856     
 C3   0.0000000000000000        0.0000000000000000        0.0000000000000000     
 C2  0.86874321171302415       0.60919193736037236        1.1161408582959640     
 C4 -0.30568023692533636        1.0836929736112595       -1.0506042411170227     
   354.00000000000000        67.764075969396799     
 C3   0.0000000000000000        0.0000000000000000        0.0000000000000000     
 C2  0.78859908226784481       0.58546623606252057        1.1861453426444386     
 C4 -0.30568023692533636        1.0836929736112595       -1.0506042411170227     
   354.00000000000000       8.57263900343241403E-004
 C3   0.0000000000000000        0.0000000000000000        0.0000000000000000     
 C2  0.71069583840683948       0.53993338351200226        1.2549834128945589     
 C4  2.80034039096859304E-002  0.96488277291808933       -1.1999238241028423     
   354.00000000000000        553.54931939401718     
 C3   0.0000000000000000        0.0000000000000000        0.0000000000000000     
 C2  0.40429668900170029       0.43832825857103086        1.4198635585859458     
 C4  2.80034039096859304E-002  0.96488277291808933       -1.1999238241028423     
   354.00000000000000        5.6494767870964431     
 C3   0.0000000000000000        0.0000000000000000        0.0000000000000000     
 C2  0.63997997338207868       0.52305861197679038        1.2993980614526035     
 C4  0.26389001604606371       0.91004763454256365       -1.2139915576514162     
   354.00000000000000        134.97298398903638     
 C3   0.0000000000000000        0.0000000000000000        0.0000000000000000     
 C2  0.44804438396304236       0.41796571940884530        1.4128555791014952     
 C4  0.39278823679454050        1.0877669034627768       -1.0168975880200801     
   354.00000000000000        117.50933417218025     
 C3   0.0000000000000000        0.0000000000000000        0.0000000000000000     
 C2  0.60876466637116977       0.45845609049296099        1.3382165721840040     
 C4 -8.61836596987952952E-002   1.1866801250741090      -0.97773350014676186     
   354.00000000000000        237.81774566935658     
 C3   0.0000000000000000        0.0000000000000000        0.0000000000000000     
 C2   1.0387172829451741       0.43672358514360732        1.0497327832788244     
 C4 -2.67284007544624658E-003   1.0310842357670293       -1.1438786187497654     
   354.00000000000000        85.678532838008437     
 C3   0.0000000000000000        0.0000000000000000        0.0000000000000000     
 C2   1.3173037362803082       0.20555529991569416       0.77075150668584913     
 C4 -0.20365786441498468       0.82674335722355830       -1.2832065442877334     
   354.00000000000000        173.95707021184364     
 C3   0.0000000000000000        0.0000000000000000        0.0000000000000000     
 C2   1.3250534359780581       0.28857703870560858       0.72976481453591702     
 C4 -0.36558582402100337        1.2044744891703558      -0.88723635518778943     
   354.00000000000000       8.85347511693552747E-002
 C3   0.0000000000000000        0.0000000000000000        0.0000000000000000     
 C2   1.1626786908155711       0.37228293277282420       0.93871384345254660     
 C4 -0.47791493207803976        1.1559317884800515      -0.89834245020057435     
   354.00000000000000        188.38256510644703     
 C3   0.0000000000000000        0.0000000000000000        0.0000000000000000     
 C2   1.1883457043236285       0.16534544831052772       0.96545086345114861     
 C4 -0.24814113888853134        1.0829593584597770       -1.0664075875900876     
   354.00000000000000        291.55063837203954     
 C3   0.0000000000000000        0.0000000000000000        0.0000000000000000     
 C2   1.2802222502260658       0.15633729547790509       0.84154004068063204     
 C4 -0.40141463950019646        1.0957160383772189       -1.0049242708742181     
   354.00000000000000        1.3303624246618710     
 C3   0.0000000000000000        0.0000000000000000        0.0000000000000000     
 C2   1.4707549540515943       4.97118218739807730E-002  0.45388170253785226     
 C4 -0.38624056682449504        1.0813331424886194       -1.0262246339125747     
   354.00000000000000        2.7564588511525372     
 C3   0.0000000000000000        0.0000000000000000        0.0000000000000000     
 C2   1.4750928127582457      -0.28651036338860225       0.33706528361712684     
 C4 -0.22442760173084955        1.2278387168031231      -0.90202243700188367     
   354.00000000000000        87.502052211941461     
 C3   0.0000000000000000        0.0000000000000000        0.0000000000000000     
 C2   1.4534304075795843      -0.49587714296514124       0.11509087456340274     
 C4 -0.25808126047335767       0.60940761629921936       -1.3905454181518861     
   354.00000000000000        567.81503469497898     
 C3   0.0000000000000000        0.0000000000000000        0.0000000000000000     
 C2   1.4954031309659290      -0.34129707417807270       0.13742555459149547     
 C4 -0.55532306037848367       0.82345159333924733       -1.1769213702678476     
   354.00000000000000        323.38435959629601     
 C3   0.0000000000000000        0.0000000000000000        0.0000000000000000     
 C2   1.3944097368156851      -0.51994875963291687      -0.39607420167160662     
 C4 -0.53001061360603330       0.84961910107912131       -1.1699727656234911     
   354.00000000000000        4.7520893290700315     
 C3   0.0000000000000000        0.0000000000000000        0.0000000000000000     
 C2   1.3655203359771255      -0.71153657500067335       2.58827059873272571E-002
 C4 -0.40600629411484868       0.48412002876205373       -1.4044168991594965     
   354.00000000000000        14.401344141183746     
 C3   0.0000000000000000        0.0000000000000000        0.0000000000000000     
 C2   1.2271283650135458      -0.92922627948542513       4.79009111902229529E-002
 C4 -0.40600629411484868       0.48412002876205373       -1.4044168991594965     
   354.00000000000000        16.185172097636226     
 C3   0.0000000000000000        0.0000000000000000        0.0000000000000000     
 C2   1.2271283650135458      -0.92922627948542513       4.79009111902229529E-002
 C4 -0.32304930684549427       0.47937923811202982       -1.4273874145332779     
   354.00000000000000        16.185172097636226     
 C3   0.0000000000000000        0.0000000000000000        0.0000000000000000     
 C2   1.2271283650135458      -0.92922627948542513       4.79009111902229529E-002
 C4 -0.32304930684549427       0.47937923811202982       -1.4273874145332779     
   354.00000000000000        59.675896350538281     
 C3   0.0000000000000000        0.0000000000000000        0.0000000000000000     
 C2   1.0481774729977937       -1.1275160986212711      -4.03909946624803409E-002
 C4 -0.26400756016516991       0.56746347011307730       -1.4070839911025494     
   354.00000000000000        143.87969996936874     
 C3   0.0000000000000000        0.0000000000000000        0.0000000000000000     
 C2   1.3281190167280064      -0.77953094133614720       5.60258021006022899E-003
 C4 -0.26400756016516991       0.56746347011307730       -1.4070839911025494     
   354.00000000000000        15.797593052736531     
 C3   0.0000000000000000        0.0000000000000000        0.0000000000000000     
 C2   1.2229790355734045      -0.93448484702856693      -5.15785732832779453E-002
 C4 -0.30797699947458429       0.64695182255831618       -1.3631594355897352     
   354.00000000000000        8.1630545588203063     
 C3   0.0000000000000000        0.0000000000000000        0.0000000000000000     
 C2   1.3015154278479841      -0.82318203886126728      -5.37791501266870337E-003
 C4 -0.30797699947458429       0.64695182255831618       -1.3631594355897352     
   354.00000000000000        8.7804486114723090     
 C3   0.0000000000000000        0.0000000000000000        0.0000000000000000     
 C2   1.4643011507542092      -0.44581568434490715      -0.16932370032567526     
 C4 -0.56087676928194519       0.70596061866673554       -1.2484538414878414     
   354.00000000000000        51.527366688317301     
 C3   0.0000000000000000        0.0000000000000000        0.0000000000000000     
 C2   1.4613753952261286      -0.44255528119490994      -0.20031669254999626     
 C4 -0.44344953323273772       0.98999778774149183       -1.0930951612265236     
   354.00000000000000        20.394396070399978     
 C3   0.0000000000000000        0.0000000000000000        0.0000000000000000     
 C2   1.3997335845507770      -0.62694508448054254      -0.13887315552804710     
 C4 -0.38962302428410345        1.0079532105905074       -1.0971893017899041     
   354.00000000000000        326.41544684148289     
 C3   0.0000000000000000        0.0000000000000000        0.0000000000000000     
 C2   1.3642226121730403      -0.64490267296390980      -0.30756658927745978     
 C4 -0.33080203080561182       0.96216652511675638       -1.1560301614204749     
   354.00000000000000        3.2730312274783131     
 C3   0.0000000000000000        0.0000000000000000        0.0000000000000000     
 C2   1.4589285280583753      -0.49125514489888689      -4.23784453206289408E-002
 C4 -0.33489168833347405        1.0150336359620857       -1.1086723658073940     
   354.00000000000000        7.3286481291613654     
 C3   0.0000000000000000        0.0000000000000000        0.0000000000000000     
 C2   1.4410665350177012      -0.51679957099104024      -0.16686954508103097     
 C4 -0.29407102841469734        1.3415883305781986      -0.69660829829807847     
   354.00000000000000        110.85666583814530     
 C3   0.0000000000000000        0.0000000000000000        0.0000000000000000     
 C2   1.3933632273598580      -0.33266107857250971      -0.56522165868293883     
 C4 -0.43932742348553838        1.4036803809935756      -0.45636930521399982     
   354.00000000000000        123.18409815938649     
 C3   0.0000000000000000        0.0000000000000000        0.0000000000000000     
 C2   1.3838223262966263      -0.54558136465157536      -0.39871887814337997     
 C4 -0.31611324562559645        1.2755837210616447      -0.80284414817372862     
   354.00000000000000        39.598772408571392     
 C3   0.0000000000000000        0.0000000000000000        0.0000000000000000     
 C2   1.3914760356212903      -0.58541951508881829      -0.30443132829067998     
 C4 -0.36231265097510190        1.1432470915295081      -0.96608269335856278     
   354.00000000000000        79.059872927131210     
 C3   0.0000000000000000        0.0000000000000000        0.0000000000000000     
 C2   1.4003421855353715      -0.62369300470169642      -0.14713530948138878     
 C4 -0.10731446078213062        1.3035693886249520      -0.81289027260832092     
   354.00000000000000        730.45854309435128     
 C3   0.0000000000000000        0.0000000000000000        0.0000000000000000     
 C2   1.2226072049091725      -0.69472918980670473      -0.62783992811440059     
 C4 -8.62875037117001725E-002   1.3544283429313564      -0.72779012793637410     
   354.00000000000000        143.67363800587140     
 C3   0.0000000000000000        0.0000000000000000        0.0000000000000000     
 C2   1.1287859072083013      -0.87462468160277962      -0.57660562087024647     
 C4  3.67176731585882807E-002   1.3940009612230302      -0.65346252558299556     
   354.00000000000000        53.844599175735084     
 C3   0.0000000000000000        0.0000000000000000        0.0000000000000000     
 C2   1.0573985978977742       -1.0170657968091634      -0.46806556178035169     
 C4  4.44500404892720219E-002   1.3925409727217781      -0.65608991224206969     
   354.00000000000000        596.18107689504700     
 C3   0.0000000000000000        0.0000000000000000        0.0000000000000000     
 C2  0.73213741149095668       -1.0482398784759139      -0.85835189046690974     
 C4  0.20910597031343817        1.3405034426432498      -0.72864624695052937     
   354.00000000000000        541.51101479861472     
 C3   0.0000000000000000        0.0000000000000000        0.0000000000000000     
 C2  0.69357771746505115       -1.2809939124467460      -0.49960438960275738     
 C4 -0.12015780319192931        1.2635758658972414      -0.87208845492206111     
   354.00000000000000        6.1775510877336339     
 C3   0.0000000000000000        0.0000000000000000        0.0000000000000000     
 C2   1.0289005625090304       -1.1143096319406680      -0.26697879435050453     
 C4 -2.87633732266854292E-002   1.0734861648757761       -1.1038116967740208     
   354.00000000000000        10.778792906329485     
 C3   0.0000000000000000        0.0000000000000000        0.0000000000000000     
 C2   1.2473306461337335      -0.85687912167833702      -0.28552483262819961     
 C4 -9.42386062433268196E-002   1.2396585234751991      -0.90882669966436769     
   354.00000000000000        145.37500360049449     
 C3   0.0000000000000000        0.0000000000000000        0.0000000000000000     
 C2   1.2194253938955057      -0.93857012193360434      -6.07275467669013552E-002
 C4  0.10373073644418511        1.3763462241248732      -0.68301621167302717     
   354.00000000000000        79.330312767105539     
 C3   0.0000000000000000        0.0000000000000000        0.0000000000000000     
 C2  0.84465566972859973       -1.1919045621953153      -0.48736055873790385     
 C4  7.35296507206339989E-002   1.2980571636383955      -0.82537332774094829     
   354.00000000000000        118.07212797421192     
 C3   0.0000000000000000        0.0000000000000000        0.0000000000000000     
 C2  0.70375531078599241       -1.1304159246934582      -0.77362025551296354     
 C4  0.39347695966271473        1.3685519315922807      -0.58638010923277883     
   354.00000000000000        33.437777641811167     
 C3   0.0000000000000000        0.0000000000000000        0.0000000000000000     
 C2  0.83081059718592065       -1.1608890412553989      -0.57765940267314386     
 C4  0.50040037673686943        1.4189067225240077      -0.32848640077178187     
   354.00000000000000        113.29342261197360     
 C3   0.0000000000000000        0.0000000000000000        0.0000000000000000     
 C2  0.97065306889878955       -1.0714342970134250      -0.53052913871031449     
 C4  0.34412852995256388        1.3749142908504794      -0.60231751380981169     
   354.00000000000000       0.18645489571832741     
 C3   0.0000000000000000        0.0000000000000000        0.0000000000000000     
 C2  0.93764509868436641       -1.0855404214866309      -0.56037814217884263     
 C4  0.25082246729163549        1.4021222050997100      -0.58544133064064152     
   354.00000000000000        78.702283021678852     
 C3   0.0000000000000000        0.0000000000000000        0.0000000000000000     
 C2   1.3478106274560593      -0.73947064194319967      -9.04968630429486831E-002
 C4  9.96105596986073261E-002   1.4003495919999271      -0.63300781696309993     
   354.00000000000000        24.690599963590827     
 C3   0.0000000000000000        0.0000000000000000        0.0000000000000000     
 C2   1.1381914341313015       -1.0369026659371734      -3.08726520161665269E-002
 C4  0.15445218416910628        1.0677047999231275       -1.0989773076732428     
   354.00000000000000        254.02138086991289     
 C3   0.0000000000000000        0.0000000000000000        0.0000000000000000     
 C2   1.1942480692064747      -0.91090648905823213       0.34003075947362221     
 C4  0.11697714104479702        1.0102759219838471       -1.1563991740255162     
   354.00000000000000        266.97322091645333     
 C3   0.0000000000000000        0.0000000000000000        0.0000000000000000     
 C2   1.3178021140183898      -0.77435542800680857       0.18807248444429975     
 C4  6.20453683851536000E-002  0.73320025978770087       -1.3528369787463013     
   354.00000000000000        76.595082472744352     
 C3   0.0000000000000000        0.0000000000000000        0.0000000000000000     
 C2   1.3672818251390084      -0.54200628830584796       0.45647518451878200     
 C4 -8.77297316335087958E-003   1.3539439884097568      -0.73372941262101410     
   354.00000000000000        753.34222456841610     
 C3   0.0000000000000000        0.0000000000000000        0.0000000000000000     
 C2   1.2930387060191679      -0.83630242715689618       1.57846465832399141E-002
 C4 -8.01958113256043131E-002  0.54662732601649988       -1.4374864653457096     
   354.00000000000000        112.65001855291302     
 C3   0.0000000000000000        0.0000000000000000        0.0000000000000000     
 C2   1.3388881807313668      -0.70247944658872508       0.29240565421729969     
 C4 -0.13005339884873210       0.77362187894409207       -1.3252152435061739     
   354.00000000000000        136.64635818802827     
 C3   0.0000000000000000        0.0000000000000000        0.0000000000000000     
 C2   1.2709109933280298      -0.79444731948183778       0.35389080746196344     
 C4 -0.16597175371349304       0.49820576813777695       -1.4477031910297560     
   354.00000000000000        8.2448364304292205     
 C3   0.0000000000000000        0.0000000000000000        0.0000000000000000     
 C2   1.1006354260301781       -1.0614431541760041       0.18313953538289160     
 C4 -0.11882538935234441       0.49849762340222226       -1.4522330343515197     
   354.00000000000000        177.77139136387518     
 C3   0.0000000000000000        0.0000000000000000        0.0000000000000000     
 C2  0.93713600313686585       -1.1807520636136037       0.31496138794600365     
 C4 -5.55525521689013632E-002  0.21185061181781131       -1.5243468673416045     
   354.00000000000000        559.48151493575654     
 C3   0.0000000000000000        0.0000000000000000        0.0000000000000000     
 C2   1.1936388239200697      -0.82328841251034424       0.51867383571653880     
 C4 -0.14564828659080395       0.40033885515403261       -1.4799038878999351     
   354.00000000000000        120.89488588803390     
 C3   0.0000000000000000        0.0000000000000000        0.0000000000000000     
 C2   1.2701820478794361      -0.83163733110435578       0.25810252760951830     
 C4 -0.26960888938980426       0.47623956410283380       -1.4394815261403535     
   354.00000000000000        32.970504131208372     
 C3   0.0000000000000000        0.0000000000000000        0.0000000000000000     
 C2   1.2051321609716716      -0.94047936215186956       0.18642704728165985     
 C4 -0.26960888938980426       0.47623956410283380       -1.4394815261403535     
   354.00000000000000        7.3151605139075153     
 C3   0.0000000000000000        0.0000000000000000        0.0000000000000000     
 C2   1.2490008237697834      -0.88135722395822358       0.18656469655069638     
 C4 -0.19797188660717832       0.55372163108612082       -1.4233058796810836     
   354.00000000000000        41.308912170948098     
 C3   0.0000000000000000        0.0000000000000000        0.0000000000000000     
 C2   1.1267046150475606       -1.0092772499369995      -0.28895699193847563     
 C4 -7.16217885299315765E-002   1.0979499012765717       -1.0774861824862363     
   354.00000000000000        6.2960808537458490     
 C3   0.0000000000000000        0.0000000000000000        0.0000000000000000     
 C2   1.1116643328410130       -1.0657129856193890      -7.63173449158860602E-003
 C4 -0.13545461900564140       0.74170349560072801       -1.3428060584305983     
   354.00000000000000        274.62188700536046     
 C3   0.0000000000000000        0.0000000000000000        0.0000000000000000     
 C2  0.65887084339261370       -1.3718111843681813      -0.23584589495997238     
 C4 -4.03637166944005588E-002  0.74920166752040174       -1.3448671947495356     
   354.00000000000000        95.919162917709329     
 C3   0.0000000000000000        0.0000000000000000        0.0000000000000000     
 C2  0.61449566036803804       -1.4028777547586830      -0.16102511789184432     
 C4 -9.38902017098056096E-002  0.88337031198023541       -1.2579513749303093     
   354.00000000000000        104.46452063540691     
 C3   0.0000000000000000        0.0000000000000000        0.0000000000000000     
 C2   1.2118052430011437      -0.89515612570657799       0.31909804707162592     
 C4  0.22738901728640515        1.2041319883600865      -0.93271674648830583     
   354.00000000000000        60.962968370156858     
 C3   0.0000000000000000        0.0000000000000000        0.0000000000000000     
 C2   1.1081023123929947       -1.0202177180268717       0.32072585348446381     
 C4  0.59382984368567693        1.3262194718526303      -0.51000800874241081     
   354.00000000000000        15.629130749174635     
 C3   0.0000000000000000        0.0000000000000000        0.0000000000000000     
 C2   1.0799150584853594       -1.0862064641359148       0.15980921039136994     
 C4  0.52819271884127339        1.4352590591702610      -0.18067657453855035     
   354.00000000000000        15.589071618261627     
 C3   0.0000000000000000        0.0000000000000000        0.0000000000000000     
 C2   1.0629711423136394       -1.1088342055629068      -0.11035875670788593     
 C4  0.54758768021524618        1.4177315818828184       0.24856595495512324     
   354.00000000000000        367.81475812927482     
 C3   0.0000000000000000        0.0000000000000000        0.0000000000000000     
 C2   1.0080100650386408       -1.0736933186177646      -0.45022035308986663     
 C4  0.47460686156401810        1.4092890193243650       0.40031603355642437     
   354.00000000000000        49.666988119005026     
 C3   0.0000000000000000        0.0000000000000000        0.0000000000000000     
 C2  0.97372801454829272       -1.0976267812183425      -0.46762078956789133     
 C4  0.62367454171517145        1.2126611888219492       0.71559978122937817     
   354.00000000000000        51.541458869187458     
 C3   0.0000000000000000        0.0000000000000000        0.0000000000000000     
 C2  0.91917753779015510       -1.1881180559650983      -0.33924642829621793     
 C4  0.66487706063875596       0.95670754123037050        1.0070994561330735     
   354.00000000000000        56.122207616890776     
 C3   0.0000000000000000        0.0000000000000000        0.0000000000000000     
 C2   1.2604552805331048      -0.52689630928459097      -0.71079727421993211     
 C4  0.36534789662018957       0.86724866815178414        1.2190163254765645     
   354.00000000000000        136.55821376500484     
 C3   0.0000000000000000        0.0000000000000000        0.0000000000000000     
 C2   1.2604552805331048      -0.52689630928459097      -0.71079727421993211     
 C4  0.18002205385839196       0.77832443014297004        1.3165877415962266     
   354.00000000000000        6.7500048270910042     
 C3   0.0000000000000000        0.0000000000000000        0.0000000000000000     
 C2   1.2391327176455651      -0.80228051645490317      -0.43874375320586245     
 C4  0.24464632971915637       0.99472420648258908        1.1499008940542461     
   354.00000000000000        29.528529648630297     
 C3   0.0000000000000000        0.0000000000000000        0.0000000000000000     
 C2   1.3043029961232280      -0.58306664798876529      -0.57482778143293722     
 C4  0.26832430560988707        1.0460734827489695        1.0978763479839786     
