         100
   450.000000000000        925.212558551239     
 C2  0.000000000000000E+000  0.000000000000000E+000  0.000000000000000E+000
 C2   1.46022448828206       0.174804858877536       0.456932932862369     
 C3 -0.394284276266018       -1.36350515005886       0.597489336383472     
   450.000000000000        100.598551750033     
 C2  0.000000000000000E+000  0.000000000000000E+000  0.000000000000000E+000
 C2   1.48591672666694       0.369384712850922       0.164943673184010     
 C3 -0.464418739153776       -1.35520939688198       0.565086380268716     
   450.000000000000        102.647034137581     
 C2  0.000000000000000E+000  0.000000000000000E+000  0.000000000000000E+000
 C2   1.46014588485516       0.384542360286904       0.302822007267519     
 C3 -0.619674816210495       -1.14842407246240       0.817756176242641     
   450.000000000000        125.698994122853     
 C2  0.000000000000000E+000  0.000000000000000E+000  0.000000000000000E+000
 C2   1.53308367744081      -2.491374397894068E-002  0.143644503290276     
 C3 -0.594007168686946       -1.34585921238520       0.455432054016869     
   450.000000000000        341.845942260505     
 C2  0.000000000000000E+000  0.000000000000000E+000  0.000000000000000E+000
 C2   1.53330021079244      -0.125971005077975      -6.871513271110451E-002
 C3 -0.555327752491799       -1.36485334747836       0.447645304933653     
   450.000000000000        5.37319473453297     
 C2  0.000000000000000E+000  0.000000000000000E+000  0.000000000000000E+000
 C2   1.49297627762875      -0.337300410434454       0.169853665131377     
 C3 -0.922836991019068       -1.21639441453128       0.200889044359301     
   450.000000000000        244.000142799944     
 C2  0.000000000000000E+000  0.000000000000000E+000  0.000000000000000E+000
 C2   1.49730564681861      -0.103636206689612       0.344870028660181     
 C3 -0.667767919303582       -1.35096093788359       0.317159962954457     
   450.000000000000        18.7359806875839     
 C2  0.000000000000000E+000  0.000000000000000E+000  0.000000000000000E+000
 C2   1.51461769785286      -0.141812470004806       0.239629824316639     
 C3 -0.768564708105760       -1.29843301430290       0.308188073523617     
   450.000000000000        192.701694103907     
 C2  0.000000000000000E+000  0.000000000000000E+000  0.000000000000000E+000
 C2   1.41916660527469       0.202738643074005       0.562550610236639     
 C3 -0.715322594296301       -1.34100552711951       0.248229035698345     
   450.000000000000       0.217595292382356     
 C2  0.000000000000000E+000  0.000000000000000E+000  0.000000000000000E+000
 C2   1.45545403290668       0.180835955620290       0.469629551083157     
 C3 -0.515034928966500       -1.44694101176225       0.112697037514357     
   450.000000000000        960.734814452369     
 C2  0.000000000000000E+000  0.000000000000000E+000  0.000000000000000E+000
 C2   1.50565764242984       6.055330894143233E-003  0.323354908359797     
 C3 -0.394865211241204       -1.47238979974072       0.218516897311255     
   450.000000000000        5.43371400642862     
 C2  0.000000000000000E+000  0.000000000000000E+000  0.000000000000000E+000
 C2   1.31892296287795       0.223690738666207       0.762892306572965     
 C3 -0.299111054418553       -1.46766508501132      -0.357898962282595     
   450.000000000000        20.4298186657648     
 C2  0.000000000000000E+000  0.000000000000000E+000  0.000000000000000E+000
 C2   1.01607215982185       0.132531477164727        1.14962288320801     
 C3 -0.492018750719998       -1.44761995184315      -0.184157312657371     
   450.000000000000        6.72666024837020     
 C2  0.000000000000000E+000  0.000000000000000E+000  0.000000000000000E+000
 C2   1.33672793659031      -3.917800415777347E-002  0.763690714575758     
 C3 -0.553280339432622       -1.40093437613909      -0.320723606223022     
   450.000000000000        382.566873997244     
 C2  0.000000000000000E+000  0.000000000000000E+000  0.000000000000000E+000
 C2   1.20470623172002       9.474798482694868E-002  0.954623336518744     
 C3 -0.687991012264205       -1.35027278945334       0.273919062763401     
   450.000000000000        574.101731619882     
 C2  0.000000000000000E+000  0.000000000000000E+000  0.000000000000000E+000
 C2  0.735461976416407       1.315073289407819E-002   1.35296812211893     
 C3 -0.811926813775997       -1.30850387257141      -1.386926013829103E-002
   450.000000000000        315.951145180922     
 C2  0.000000000000000E+000  0.000000000000000E+000  0.000000000000000E+000
 C2  0.894488905717794      -4.260109964806913E-002   1.25286661056018     
 C3 -0.917128396253641       -1.18914034778217      -0.341204674501010     
   450.000000000000        161.944868151738     
 C2  0.000000000000000E+000  0.000000000000000E+000  0.000000000000000E+000
 C2  0.953003275463541      -0.275694946308991        1.17786970991508     
 C3 -0.995250975148817       -1.16691648184381      -0.139216783134065     
   450.000000000000        18.7497821395456     
 C2  0.000000000000000E+000  0.000000000000000E+000  0.000000000000000E+000
 C2   1.40423713455753      -0.220620832059241       0.592490099825421     
 C3 -0.783517171727196       -1.31581822526287      -0.162244049241562     
   450.000000000000        88.1446116877477     
 C2  0.000000000000000E+000  0.000000000000000E+000  0.000000000000000E+000
 C2   1.33042998846257       3.208348719003884E-002  0.774936575242909     
 C3 -0.753818950595060       -1.31572671601919       0.268737958459031     
   450.000000000000        103.360526424929     
 C2  0.000000000000000E+000  0.000000000000000E+000  0.000000000000000E+000
 C2   1.26321786751288       0.316545627188860       0.821997253708198     
 C3 -0.606069804902788       -1.40910800627227       0.136725674560767     
   450.000000000000        544.286307121435     
 C2  0.000000000000000E+000  0.000000000000000E+000  0.000000000000000E+000
 C2  0.807241696708849       0.423577016055124        1.24118626908472     
 C3 -0.698066601790173       -1.31723649602980       0.386252410778048     
   450.000000000000        29.3797956700211     
 C2  0.000000000000000E+000  0.000000000000000E+000  0.000000000000000E+000
 C2   1.18889679697087       0.275858058411928       0.939162785549772     
 C3 -0.808189184320819       -1.23585628386984       0.437137712632871     
   450.000000000000        6.51689840585846     
 C2  0.000000000000000E+000  0.000000000000000E+000  0.000000000000000E+000
 C2   1.41903704065068       0.119926162586160       0.586132743317340     
 C3 -0.897920851105325       -1.04751220045582       0.684146349026356     
   450.000000000000        7.63814249516784     
 C2  0.000000000000000E+000  0.000000000000000E+000  0.000000000000000E+000
 C2   1.47826671818914      -0.198308272420623       0.383407536420244     
 C3 -0.967787609125261       -1.05054864489899       0.575616695522394     
   450.000000000000        96.7623459625559     
 C2  0.000000000000000E+000  0.000000000000000E+000  0.000000000000000E+000
 C2  0.991715351889101       0.200651591554057        1.16096494332701     
 C3  -1.05716112242411       -1.05686783471194       0.370189995847952     
   450.000000000000        54.2258246005544     
 C2  0.000000000000000E+000  0.000000000000000E+000  0.000000000000000E+000
 C2   1.48016997481170      -0.119518091205434       0.407936602354515     
 C3 -0.991999478034038      -0.930710954900476       0.722020807074177     
   450.000000000000        71.0740448385221     
 C2  0.000000000000000E+000  0.000000000000000E+000  0.000000000000000E+000
 C2   1.46095703742909      -0.202483725143228       0.442950195663722     
 C3 -0.976989086328397      -0.592677245788435        1.03238844402649     
   450.000000000000        185.316041338677     
 C2  0.000000000000000E+000  0.000000000000000E+000  0.000000000000000E+000
 C2   1.45211175802591      -0.251655078266608       0.446812224301788     
 C3  -1.13141183504188      -0.808880288301781       0.661226005661906     
   450.000000000000        153.863715883992     
 C2  0.000000000000000E+000  0.000000000000000E+000  0.000000000000000E+000
 C2   1.38880568980748      -0.424033011931855       0.512849647314272     
 C3  -1.09257869370278      -0.683829875948276       0.842762357172473     
   450.000000000000        237.914752577737     
 C2  0.000000000000000E+000  0.000000000000000E+000  0.000000000000000E+000
 C2   1.27671762882661      -0.850984040480019       0.131978252343508     
 C3  -1.20650481547564      -0.859822353788327       0.420299348083709     
   450.000000000000        222.315401100652     
 C2  0.000000000000000E+000  0.000000000000000E+000  0.000000000000000E+000
 C2   1.30315156586475      -0.530314949493697       0.626228433343419     
 C3  -1.19499688257284      -0.645436288926122       0.725943757751305     
   450.000000000000        32.8298348954984     
 C2  0.000000000000000E+000  0.000000000000000E+000  0.000000000000000E+000
 C2   1.31139331994692      -0.165580250509143       0.790209302045924     
 C3  -1.17430993753440      -0.735305052494889       0.672251844343368     
   450.000000000000        39.5678978417606     
 C2  0.000000000000000E+000  0.000000000000000E+000  0.000000000000000E+000
 C2   1.36137924339272      -0.648643982223115       0.312261973325613     
 C3  -1.24081956211169      -0.715751002017598       0.565391200171492     
   450.000000000000        61.4391961040277     
 C2  0.000000000000000E+000  0.000000000000000E+000  0.000000000000000E+000
 C2   1.29905877485221      -0.826464130447341       3.167555150870390E-002
 C3  -1.06387010270673      -0.597863068402903       0.939329573603561     
   450.000000000000        125.459020633556     
 C2  0.000000000000000E+000  0.000000000000000E+000  0.000000000000000E+000
 C2   1.07683259286573       -1.06520890537225      -0.278139452177733     
 C3 -0.882017464851761      -0.173540191881519        1.25041148640670     
   450.000000000000        540.100335329478     
 C2  0.000000000000000E+000  0.000000000000000E+000  0.000000000000000E+000
 C2  0.732729970455798       -1.27291886115680      -0.463016590747165     
 C3 -0.845170055375082      -0.423339521589369        1.21575948229795     
   450.000000000000        171.821165050774     
 C2  0.000000000000000E+000  0.000000000000000E+000  0.000000000000000E+000
 C2  0.712967080262225       -1.18780082990073      -0.672612169789911     
 C3 -0.542170797301067      -0.441219135458233        1.37221586964261     
   450.000000000000        161.550898716371     
 C2  0.000000000000000E+000  0.000000000000000E+000  0.000000000000000E+000
 C2   1.14819445529956      -0.851107439812008      -0.573468062507392     
 C3  -1.08465610995145      -0.925738464923278       0.581488873105993     
   450.000000000000        2.36906520287057     
 C2  0.000000000000000E+000  0.000000000000000E+000  0.000000000000000E+000
 C2   1.21275970576038      -0.700480369754175      -0.640422632074359     
 C3  -1.24955265412832      -0.895862007110832       8.746039455570026E-002
   450.000000000000       0.658683830404428     
 C2  0.000000000000000E+000  0.000000000000000E+000  0.000000000000000E+000
 C2   1.26021463936775      -0.647219987956015      -0.603792472554449     
 C3  -1.13272848870187      -0.994013652483990       0.316958863889642     
   450.000000000000        154.958743736912     
 C2  0.000000000000000E+000  0.000000000000000E+000  0.000000000000000E+000
 C2   1.34079734890922      -0.637459918950783      -0.409276582385628     
 C3  -1.10255738766441      -0.912846807107277       0.568047362022118     
   450.000000000000        529.955416156313     
 C2  0.000000000000000E+000  0.000000000000000E+000  0.000000000000000E+000
 C2   1.18910594301568      -0.770211040989831      -0.603657194624681     
 C3  -1.03350079452056       -1.06948756217372       0.399590232514121     
   450.000000000000       0.303802175228602     
 C2  0.000000000000000E+000  0.000000000000000E+000  0.000000000000000E+000
 C2   1.11158939639899      -0.255903062263297       -1.03464130815350     
 C3  -1.01937177072680       -1.14868059972393       0.114078765345639     
   450.000000000000        117.611934448686     
 C2  0.000000000000000E+000  0.000000000000000E+000  0.000000000000000E+000
 C2   1.15508803941669      -0.698190932685910      -0.741553128718148     
 C3  -1.07077678448719       -1.03052479867661       0.403801447440961     
   450.000000000000        236.623622617937     
 C2  0.000000000000000E+000  0.000000000000000E+000  0.000000000000000E+000
 C2   1.07218297834865      -0.448261317358938       -1.01048772991019     
 C3  -1.29162006586298      -0.825098063622086       0.150102240845370     
   450.000000000000       1.965740913012937E-003
 C2  0.000000000000000E+000  0.000000000000000E+000  0.000000000000000E+000
 C2  0.889979795207831      -0.480044725975817       -1.16150463846884     
 C3  -1.31948732722357      -0.781300725238418       0.141852958650597     
   450.000000000000        22.8425550899001     
 C2  0.000000000000000E+000  0.000000000000000E+000  0.000000000000000E+000
 C2  0.866867315222873      -0.522821170123274       -1.16051673054257     
 C3  -1.31948732722357      -0.781300725238418       0.141852958650597     
   450.000000000000        44.8038647700995     
 C2  0.000000000000000E+000  0.000000000000000E+000  0.000000000000000E+000
 C2  0.584962635892032       4.562644049392591E-002  -1.42384582821951     
 C3  -1.21944550667952      -0.916833132686939       0.209689186383528     
   450.000000000000        110.353431656050     
 C2  0.000000000000000E+000  0.000000000000000E+000  0.000000000000000E+000
 C2  0.584962635892032       4.562644049392591E-002  -1.42384582821951     
 C3  -1.19098871212540      -0.942228480388040       0.255638944949972     
   450.000000000000        158.879098054577     
 C2  0.000000000000000E+000  0.000000000000000E+000  0.000000000000000E+000
 C2  0.795242888617252      -0.128094074838010       -1.31254739194251     
 C3  -1.25728904819601      -0.869880419544152       0.184749010334773     
   450.000000000000        32.8207050449304     
 C2  0.000000000000000E+000  0.000000000000000E+000  0.000000000000000E+000
 C2  0.786633072743531      -8.353798190450540E-002  -1.32129853343042     
 C3  -1.40492742413980      -0.630637175158977      -8.693563540074280E-003
   450.000000000000        547.954341798634     
 C2  0.000000000000000E+000  0.000000000000000E+000  0.000000000000000E+000
 C2   1.10319601595129      -0.130382406648703       -1.06656409953912     
 C3  -1.27624066321138      -0.861474550244923      -2.590869903525846E-002
   450.000000000000        25.1089203197531     
 C2  0.000000000000000E+000  0.000000000000000E+000  0.000000000000000E+000
 C2   1.05402918831592      -0.305970603024239       -1.08027980646824     
 C3  -1.08120998977157       -1.07728844257012       0.205023075195469     
   450.000000000000        135.141336719820     
 C2  0.000000000000000E+000  0.000000000000000E+000  0.000000000000000E+000
 C2  0.991257986151952      -0.477742735131121       -1.07739012614717     
 C3  -1.17467757308869      -0.990158187239048       0.106391989198243     
   450.000000000000        170.685096077813     
 C2  0.000000000000000E+000  0.000000000000000E+000  0.000000000000000E+000
 C2  0.940713693936100      -0.264223986162682       -1.19031232505481     
 C3 -0.581101184108574       -1.20471858367771       0.763265641705948     
   450.000000000000       0.219226804115095     
 C2  0.000000000000000E+000  0.000000000000000E+000  0.000000000000000E+000
 C2  0.940713693936100      -0.264223986162682       -1.19031232505481     
 C3 -0.414775206436791       -1.27356118611608       0.760002187617594     
   450.000000000000        246.111557218580     
 C2  0.000000000000000E+000  0.000000000000000E+000  0.000000000000000E+000
 C2   1.42917382379552      -0.163053038202781      -0.549978079663673     
 C3 -0.451023278728290       -1.34880575569248       0.590678361966673     
   450.000000000000        71.3160745239025     
 C2  0.000000000000000E+000  0.000000000000000E+000  0.000000000000000E+000
 C2   1.34996599749515      -0.431572704103757      -0.602442367931981     
 C3 -0.745231764060391       -1.20483147185795       0.603829971180334     
   450.000000000000        129.213284164940     
 C2  0.000000000000000E+000  0.000000000000000E+000  0.000000000000000E+000
 C2   1.16954685997048      -0.390823764490753      -0.922505787213540     
 C3 -0.868320649687797       -1.23589431219197       0.300307159849541     
   450.000000000000        15.2504001439039     
 C2  0.000000000000000E+000  0.000000000000000E+000  0.000000000000000E+000
 C2  0.689945902996207      -0.203990147173465       -1.36160297840262     
 C3 -0.839080381778323       -1.19061584659122       0.499977910112253     
   450.000000000000        353.459557530948     
 C2  0.000000000000000E+000  0.000000000000000E+000  0.000000000000000E+000
 C2  0.930727019748216      -5.125514499205084E-003  -1.22691521459786     
 C3 -0.782792252269524       -1.26513493044346       0.397831357987579     
   450.000000000000        482.146492400833     
 C2  0.000000000000000E+000  0.000000000000000E+000  0.000000000000000E+000
 C2   1.30828985965330      -2.689877412406334E-002 -0.811944640402876     
 C3 -0.491263031831941       -1.45779467467250       7.138075294770641E-002
   450.000000000000       0.813900414188907     
 C2  0.000000000000000E+000  0.000000000000000E+000  0.000000000000000E+000
 C2   1.24033282555004      -0.374529723447066      -0.832407333051389     
 C3 -0.818278359111204       -1.21617536520743       0.472163001422655     
   450.000000000000        20.9069052597991     
 C2  0.000000000000000E+000  0.000000000000000E+000  0.000000000000000E+000
 C2   1.24033282555004      -0.374529723447066      -0.832407333051389     
 C3  -1.13322812996690       -1.04270374024570       1.275959909046794E-002
   450.000000000000        616.268664105393     
 C2  0.000000000000000E+000  0.000000000000000E+000  0.000000000000000E+000
 C2   1.42590816955796      -0.406231313542287      -0.416367640295910     
 C3 -0.881576964956131       -1.21548522127813      -0.342078388023554     
   450.000000000000       8.775857006031629E-002
 C2  0.000000000000000E+000  0.000000000000000E+000  0.000000000000000E+000
 C2   1.45483898325447      -0.412230498990385      -0.291735408384434     
 C3  -1.03804856518612       -1.07974891897841      -0.358046561384959     
   450.000000000000        266.635847990675     
 C2  0.000000000000000E+000  0.000000000000000E+000  0.000000000000000E+000
 C2   1.40783261924856      -0.187483085597857      -0.595363257847219     
 C3 -0.813462099178151       -1.27789316622068      -0.277251439611730     
   450.000000000000        1.22011510704625     
 C2  0.000000000000000E+000  0.000000000000000E+000  0.000000000000000E+000
 C2   1.50022617645276      -0.336776902171809      -8.661834476306927E-002
 C3 -0.936252690095127       -1.18790510925076      -0.289676101094298     
   450.000000000000        37.0070018007388     
 C2  0.000000000000000E+000  0.000000000000000E+000  0.000000000000000E+000
 C2   1.40408950597350      -0.415504828419992       0.476957437068295     
 C3  -1.03014237923627       -1.12689692372645       0.201270697412466     
   450.000000000000        37.4382340546809     
 C2  0.000000000000000E+000  0.000000000000000E+000  0.000000000000000E+000
 C2   1.39310875650841      -0.269737472932393       0.598405956049602     
 C3  -1.06438053760589      -0.952962986215623       0.574939570657991     
   450.000000000000       5.056707043191722E-004
 C2  0.000000000000000E+000  0.000000000000000E+000  0.000000000000000E+000
 C2   1.35672413853311      -0.186822996848025       0.704270388253205     
 C3 -0.994891944803319       -1.15046205622275       0.241302646476965     
   450.000000000000        1561.64677792762     
 C2  0.000000000000000E+000  0.000000000000000E+000  0.000000000000000E+000
 C2  0.925441123712750      -0.188866435565078        1.21634213774670     
 C3 -0.994891944803319       -1.15046205622275       0.241302646476965     
   450.000000000000       3.189737573180362E-002
 C2  0.000000000000000E+000  0.000000000000000E+000  0.000000000000000E+000
 C2   1.10867348397623      -4.165276946581604E-002   1.06803939661599     
 C3  -1.14645438233550      -0.998430499019794       0.245720938648737     
   450.000000000000        899.465083368625     
 C2  0.000000000000000E+000  0.000000000000000E+000  0.000000000000000E+000
 C2   1.41180983347871      -0.241808811316294       0.565616029531185     
 C3  -1.14267678295305       -1.03208222909207       2.638055973638348E-002
   450.000000000000        95.7855331782272     
 C2  0.000000000000000E+000  0.000000000000000E+000  0.000000000000000E+000
 C2   1.19040358962741      -7.987551230309736E-002  0.973734664236873     
 C3  -1.09349202320979       -1.07719261848166       0.124624033415619     
   450.000000000000        852.937287752635     
 C2  0.000000000000000E+000  0.000000000000000E+000  0.000000000000000E+000
 C2  0.962490096366064      -0.411938127683570        1.12938912397712     
 C3 -0.925725560562811       -1.22140204588475      -0.151026887238071     
   450.000000000000        210.722092272909     
 C2  0.000000000000000E+000  0.000000000000000E+000  0.000000000000000E+000
 C2  0.914685266002248      -0.432194608909915        1.16110235732583     
 C3 -0.791618808945291       -1.22581296522656      -0.492262254744460     
   450.000000000000        162.478031945805     
 C2  0.000000000000000E+000  0.000000000000000E+000  0.000000000000000E+000
 C2   1.08407989879590      -0.527336203068824       0.958273083186428     
 C3 -0.674071651433777      -0.992380007413201      -0.965613391300846     
   450.000000000000        53.6769662214832     
 C2  0.000000000000000E+000  0.000000000000000E+000  0.000000000000000E+000
 C2  0.839174728082823      -0.675747745178646        1.10034120191561     
 C3 -0.270383241086148      -0.962631906873614       -1.17125258020985     
   450.000000000000        170.138901765384     
 C2  0.000000000000000E+000  0.000000000000000E+000  0.000000000000000E+000
 C2  0.860457028440120      -0.591038782426497        1.13220442494975     
 C3 -5.133398199901528E-003 -0.969347987636156       -1.19663612636769     
   450.000000000000        7.35052608943261     
 C2  0.000000000000000E+000  0.000000000000000E+000  0.000000000000000E+000
 C2  0.860457028440120      -0.591038782426497        1.13220442494975     
 C3  6.648024353358417E-002 -0.823100651977794       -1.29987906582614     
   450.000000000000        17.4930766668143     
 C2  0.000000000000000E+000  0.000000000000000E+000  0.000000000000000E+000
 C2  0.922414207637255      -0.602195425711594        1.07615644717716     
 C3  0.106934300058823      -0.737065608734490       -1.34792404672199     
   450.000000000000        447.372924598124     
 C2  0.000000000000000E+000  0.000000000000000E+000  0.000000000000000E+000
 C2  0.998774691090725      -0.466060578436395        1.07556341220040     
 C3  0.180591677149356      -0.374702517157013       -1.48276247646755     
   450.000000000000       7.309925046359922E-002
 C2  0.000000000000000E+000  0.000000000000000E+000  0.000000000000000E+000
 C2   1.22314929005265      -0.339257645670085       0.872014944882307     
 C3  0.128635147777927      -0.451858338599764       -1.46658683085374     
   450.000000000000        371.960672541211     
 C2  0.000000000000000E+000  0.000000000000000E+000  0.000000000000000E+000
 C2   1.20131955334567      -0.329924197412662       0.905307326111397     
 C3  0.180514602353679      -0.800142542286007       -1.30337495840636     
   450.000000000000        838.480289599713     
 C2  0.000000000000000E+000  0.000000000000000E+000  0.000000000000000E+000
 C2   1.41111789964473      -9.280037402520161E-002  0.609700224604704     
 C3  0.158636179696562      -0.648769402773279       -1.38763565692010     
   450.000000000000        123.732311066659     
 C2  0.000000000000000E+000  0.000000000000000E+000  0.000000000000000E+000
 C2   1.36746430415459       0.486563257554539       0.514682011790682     
 C3  0.158636179696562      -0.648769402773279       -1.38763565692010     
   450.000000000000        266.968625850057     
 C2  0.000000000000000E+000  0.000000000000000E+000  0.000000000000000E+000
 C2   1.27606475339085       0.692857647191253       0.513037060924595     
 C3  0.158808765403413      -0.241035175594448       -1.51270675016568     
   450.000000000000        39.1574834447810     
 C2  0.000000000000000E+000  0.000000000000000E+000  0.000000000000000E+000
 C2   1.15004472949342       0.742199660131313       0.705788059310560     
 C3  0.386578132012381       -1.27228625372699      -0.776817178148601     
   450.000000000000        2.43676744682908     
 C2  0.000000000000000E+000  0.000000000000000E+000  0.000000000000000E+000
 C2  0.512924413328594       0.343575919515707        1.41083809621815     
 C3  0.433549404402260       -1.38347234897239      -0.519267816652318     
   450.000000000000        126.581539142495     
 C2  0.000000000000000E+000  0.000000000000000E+000  0.000000000000000E+000
 C2  0.572324635435161       0.526160260189103        1.32936070811189     
 C3  0.567622684195475       -1.39966158650174      -0.300585800559123     
   450.000000000000        3.91502678531678     
 C2  0.000000000000000E+000  0.000000000000000E+000  0.000000000000000E+000
 C2  0.758060750401358       0.471901767539248        1.25469224134616     
 C3  0.353197894344940       -1.43898404153026      -0.419733329021111     
   450.000000000000        356.901720465077     
 C2  0.000000000000000E+000  0.000000000000000E+000  0.000000000000000E+000
 C2  0.804040750397946       0.636166314058852        1.14909133342667     
 C3  0.369110754733826       -1.39389564591696      -0.540751394702936     
   450.000000000000        113.313864783559     
 C2  0.000000000000000E+000  0.000000000000000E+000  0.000000000000000E+000
 C2  0.333951917200805       0.184276348806095        1.49201821177511     
 C3  7.052169756957680E-002  -1.42454407329046      -0.580776002658983     
   450.000000000000        166.270472572073     
 C2  0.000000000000000E+000  0.000000000000000E+000  0.000000000000000E+000
 C2  0.834028220950070       0.259543779283873        1.26831934200102     
 C3 -9.463242303935102E-002  -1.51678846336666      -0.248992678099382     
   450.000000000000        9.54896122841474     
 C2  0.000000000000000E+000  0.000000000000000E+000  0.000000000000000E+000
 C2  0.733461468245273       0.321152975815880        1.31548281658260     
 C3  0.243549571328773       -1.44100879961686      -0.485568880357816     
   450.000000000000        119.644437997954     
 C2  0.000000000000000E+000  0.000000000000000E+000  0.000000000000000E+000
 C2  0.807510605426927       0.710493587834518        1.10214585412688     
 C3  0.333132175150742       -1.47311272250497      -0.300934797776777     
   450.000000000000        28.9969225990353     
 C2  0.000000000000000E+000  0.000000000000000E+000  0.000000000000000E+000
 C2  0.460667476361169       0.556990985706389        1.35983326847995     
 C3  0.532760389141967       -1.42248472032650      -0.253581308535461     
   450.000000000000        845.327623028990     
 C2  0.000000000000000E+000  0.000000000000000E+000  0.000000000000000E+000
 C2  0.890796122310708       0.606355877568739        1.10018853757620     
 C3  0.838073793910615       -1.17313630524422      -0.541279426098768     
