         100
   354.000000000000        866.438553805549     
 C2  0.000000000000000E+000  0.000000000000000E+000  0.000000000000000E+000
 C1   1.39751638404673       0.455962116100683       0.458962422211153     
 C3 -0.289611395843854       0.376197543234091       -1.46499166811754     
 C7 -3.848942200919106E-002  -1.53149646237177       0.156962809750573     
 C8 -0.929577556998407       0.615760107585534        1.06222643202979     
   354.000000000000        96.5823263327430     
 C2  0.000000000000000E+000  0.000000000000000E+000  0.000000000000000E+000
 C1   1.43418436198239       0.529376109207533       0.185677545345274     
 C3 -0.449723942177332       0.411164569042271       -1.41431680071637     
 C7 -3.848942200919106E-002  -1.53149646237177       0.156962809750573     
 C8 -0.929577556998407       0.615760107585534        1.06222643202979     
   354.000000000000        302.865462632522     
 C2  0.000000000000000E+000  0.000000000000000E+000  0.000000000000000E+000
 C1   1.42511166826100       0.460286779551276       0.358877156638135     
 C3 -0.449723942177332       0.411164569042271       -1.41431680071637     
 C7 -0.117903319169627       -1.53151225123941       0.110314120315669     
 C8 -0.929577556998407       0.615760107585534        1.06222643202979     
   354.000000000000        302.865462632522     
 C2  0.000000000000000E+000  0.000000000000000E+000  0.000000000000000E+000
 C1   1.42511166826100       0.460286779551276       0.358877156638135     
 C3 -0.449723942177332       0.411164569042271       -1.41431680071637     
 C7 -0.117903319169627       -1.53151225123941       0.110314120315669     
 C8 -0.929577556998407       0.615760107585534        1.06222643202979     
   354.000000000000        944.501969021752     
 C2  0.000000000000000E+000  0.000000000000000E+000  0.000000000000000E+000
 C1   1.42511166826100       0.460286779551276       0.358877156638135     
 C3 -0.486108851834079       0.426988956198640       -1.39749009128679     
 C7  0.122876067184935       -1.53400441752118       5.772428126269503E-002
 C8 -0.929577556998407       0.615760107585534        1.06222643202979     
   354.000000000000        927.655757973875     
 C2  0.000000000000000E+000  0.000000000000000E+000  0.000000000000000E+000
 C1   1.39460789576481       0.548902105577345       0.354083740890774     
 C3 -0.486108851834079       0.426988956198640       -1.39749009128679     
 C7  0.161514213212355       -1.51917117485507       0.193990396485247     
 C8 -0.929577556998407       0.615760107585534        1.06222643202979     
   354.000000000000        700.711734005793     
 C2  0.000000000000000E+000  0.000000000000000E+000  0.000000000000000E+000
 C1   1.32160292166049       0.731469255791610       0.299864044677143     
 C3 -0.442731124230285       0.335752098102836       -1.43626585980770     
 C7  0.129951609197048       -1.52089134199569       0.203966366389874     
 C8 -0.929577556998407       0.615760107585534        1.06222643202979     
   354.000000000000        1283.61189263923     
 C2  0.000000000000000E+000  0.000000000000000E+000  0.000000000000000E+000
 C1   1.39541886303141       0.639887393846700       0.122271500735859     
 C3 -0.442731124230285       0.335752098102836       -1.43626585980770     
 C7  0.129951609197048       -1.52089134199569       0.203966366389874     
 C8 -0.943627524585986       0.811282643103898       0.907186587926485     
   354.000000000000        471.025631429339     
 C2  0.000000000000000E+000  0.000000000000000E+000  0.000000000000000E+000
 C1   1.39541886303141       0.639887393846700       0.122271500735859     
 C3 -0.442731124230285       0.335752098102836       -1.43626585980770     
 C7  0.129951609197048       -1.52089134199569       0.203966366389874     
 C8 -0.897808257364813       0.595012305026124        1.10068189198636     
   354.000000000000        776.898289033553     
 C2  0.000000000000000E+000  0.000000000000000E+000  0.000000000000000E+000
 C1   1.39541886303141       0.639887393846700       0.122271500735859     
 C3 -0.442731124230285       0.335752098102836       -1.43626585980770     
 C7  0.129951609197048       -1.52089134199569       0.203966366389874     
 C8 -0.837733375281231       0.607402613393974        1.14055459959342     
   354.000000000000        427.503162254518     
 C2  0.000000000000000E+000  0.000000000000000E+000  0.000000000000000E+000
 C1   1.34192517129452       0.725702043903853       0.210222211290711     
 C3 -0.442731124230285       0.335752098102836       -1.43626585980770     
 C7  0.129951609197048       -1.52089134199569       0.203966366389874     
 C8  -1.03499549864698       0.659924414395873       0.929991409926121     
   354.000000000000        456.971470726077     
 C2  0.000000000000000E+000  0.000000000000000E+000  0.000000000000000E+000
 C1   1.39044558207387       0.553964490245647       0.362469897837224     
 C3 -0.442731124230285       0.335752098102836       -1.43626585980770     
 C7  0.129951609197048       -1.52089134199569       0.203966366389874     
 C8  -1.08781850226541       0.509335532174064       0.963757313469331     
   354.000000000000        220.938768843958     
 C2  0.000000000000000E+000  0.000000000000000E+000  0.000000000000000E+000
 C1   1.37731364889521       0.613887227580327       0.312649299344674     
 C3 -0.442731124230285       0.335752098102836       -1.43626585980770     
 C7  0.129951609197048       -1.52089134199569       0.203966366389874     
 C8  -1.07589775758950       0.477244585998459       0.993117091696974     
   354.000000000000        353.186143245350     
 C2  0.000000000000000E+000  0.000000000000000E+000  0.000000000000000E+000
 C1   1.37540806363932       0.613641739043840       0.321397689131678     
 C3 -0.442731124230285       0.335752098102836       -1.43626585980770     
 C7 -4.246200292594627E-002  -1.52768466794496       0.189675267607669     
 C8  -1.00375018609544       0.556067102639192        1.02707101932994     
   354.000000000000        353.186143245350     
 C2  0.000000000000000E+000  0.000000000000000E+000  0.000000000000000E+000
 C1   1.37540806363932       0.613641739043840       0.321397689131678     
 C3 -0.442731124230285       0.335752098102836       -1.43626585980770     
 C7 -4.246200292594627E-002  -1.52768466794496       0.189675267607669     
 C8  -1.00375018609544       0.556067102639192        1.02707101932994     
   354.000000000000        637.541987740050     
 C2  0.000000000000000E+000  0.000000000000000E+000  0.000000000000000E+000
 C1   1.37540806363932       0.613641739043840       0.321397689131678     
 C3 -0.416092939480284       0.321469848317842       -1.44745422799098     
 C7  0.154435314007162       -1.52822481144969       0.110809895612734     
 C8  -1.07941821807211       0.649933178849977       0.885462088965762     
   354.000000000000        833.172764309165     
 C2  0.000000000000000E+000  0.000000000000000E+000  0.000000000000000E+000
 C1   1.37540806363932       0.613641739043840       0.321397689131678     
 C3 -0.416092939480284       0.321469848317842       -1.44745422799098     
 C7  0.206770132594030       -1.49533768772190       0.304649775076587     
 C8  -1.07941821807211       0.649933178849977       0.885462088965762     
   354.000000000000        439.963531535729     
 C2  0.000000000000000E+000  0.000000000000000E+000  0.000000000000000E+000
 C1   1.37540806363932       0.613641739043840       0.321397689131678     
 C3 -0.416092939480284       0.321469848317842       -1.44745422799098     
 C7 -3.932628485684977E-002  -1.50290090486842       0.333680216635158     
 C8  -1.07941821807211       0.649933178849977       0.885462088965762     
   354.000000000000        183.250907967146     
 C2  0.000000000000000E+000  0.000000000000000E+000  0.000000000000000E+000
 C1   1.37540806363932       0.613641739043840       0.321397689131678     
 C3 -0.272906134635349       0.252879484710377       -1.49438085764065     
 C7 -2.153246276341191E-002  -1.50609071549418       0.320666935087193     
 C8  -1.07941821807211       0.649933178849977       0.885462088965762     
   354.000000000000        1343.38213925757     
 C2  0.000000000000000E+000  0.000000000000000E+000  0.000000000000000E+000
 C1   1.34730512061901       0.529049926576281       0.525808983513418     
 C3 -0.272906134635349       0.252879484710377       -1.49438085764065     
 C7  0.111771639955566       -1.49661502036348       0.345327025922824     
 C8  -1.23498275212573       0.580362403977984       0.713860644294444     
   354.000000000000        684.978213256773     
 C2  0.000000000000000E+000  0.000000000000000E+000  0.000000000000000E+000
 C1   1.25930388515082       0.671535188968081       0.578614046512585     
 C3 -0.240910157761227       0.304891050848734       -1.49016901148549     
 C7  0.111771639955566       -1.49661502036348       0.345327025922824     
 C8  -1.23498275212573       0.580362403977984       0.713860644294444     
   354.000000000000        1801.89866590770     
 C2  0.000000000000000E+000  0.000000000000000E+000  0.000000000000000E+000
 C1   1.25930388515082       0.671535188968081       0.578614046512585     
 C3 -0.377519461692368       0.328500315886542       -1.45642251366070     
 C7  0.111771639955566       -1.49661502036348       0.345327025922824     
 C8  -1.12754393736635       0.425510299558750       0.958741671019585     
   354.000000000000        1431.58724300976     
 C2  0.000000000000000E+000  0.000000000000000E+000  0.000000000000000E+000
 C1   1.36898311265633       0.602129776123870       0.367321344284263     
 C3 -0.377519461692368       0.328500315886542       -1.45642251366070     
 C7  0.111771639955566       -1.49661502036348       0.345327025922824     
 C8  -1.08695146999600       0.410661560126679        1.01068962712570     
   354.000000000000        409.429369784413     
 C2  0.000000000000000E+000  0.000000000000000E+000  0.000000000000000E+000
 C1   1.36898311265633       0.602129776123870       0.367321344284263     
 C3 -0.377519461692368       0.328500315886542       -1.45642251366070     
 C7  0.133996851471734       -1.51600302803295       0.235329208342737     
 C8  -1.14215056980670       0.473318874724076       0.918183672361787     
   354.000000000000        868.427030499935     
 C2  0.000000000000000E+000  0.000000000000000E+000  0.000000000000000E+000
 C1   1.44803787507190       0.459220659574754       0.252789830050546     
 C3 -0.377519461692368       0.328500315886542       -1.45642251366070     
 C7  0.133996851471734       -1.51600302803295       0.235329208342737     
 C8  -1.03422266134228       0.585693228247822       0.979258324765412     
   354.000000000000        129.714558810842     
 C2  0.000000000000000E+000  0.000000000000000E+000  0.000000000000000E+000
 C1   1.37443291942313       0.625315103775632       0.302514745088706     
 C3 -0.377519461692368       0.328500315886542       -1.45642251366070     
 C7  0.133996851471734       -1.51600302803295       0.235329208342737     
 C8  -1.03422266134228       0.585693228247822       0.979258324765412     
   354.000000000000        120.507042917029     
 C2  0.000000000000000E+000  0.000000000000000E+000  0.000000000000000E+000
 C1   1.35954687451168       0.664010447591359       0.286918841303696     
 C3 -0.377519461692368       0.328500315886542       -1.45642251366070     
 C7  0.133996851471734       -1.51600302803295       0.235329208342737     
 C8  -1.03422266134228       0.585693228247822       0.979258324765412     
   354.000000000000        94.5080041962348     
 C2  0.000000000000000E+000  0.000000000000000E+000  0.000000000000000E+000
 C1   1.35954687451168       0.664010447591359       0.286918841303696     
 C3 -0.377519461692368       0.328500315886542       -1.45642251366070     
 C7  0.133996851471734       -1.51600302803295       0.235329208342737     
 C8  -1.05457527318886       0.578199819697602       0.961850247778693     
   354.000000000000        886.011170719054     
 C2  0.000000000000000E+000  0.000000000000000E+000  0.000000000000000E+000
 C1   1.44128707707652       0.528742505310546       0.121338058869175     
 C3 -0.377519461692368       0.328500315886542       -1.45642251366070     
 C7  0.133996851471734       -1.51600302803295       0.235329208342737     
 C8 -0.875304209323587       0.724404373465027        1.03955797448568     
   354.000000000000        487.103317137230     
 C2  0.000000000000000E+000  0.000000000000000E+000  0.000000000000000E+000
 C1   1.44128707707652       0.528742505310546       0.121338058869175     
 C3 -0.377519461692368       0.328500315886542       -1.45642251366070     
 C7 -1.181645103200726E-002  -1.51570157175001       0.272230215788393     
 C8 -0.875304209323587       0.724404373465027        1.03955797448568     
   354.000000000000        889.804310259733     
 C2  0.000000000000000E+000  0.000000000000000E+000  0.000000000000000E+000
 C1   1.42438408999733       0.582848712415450       5.493034314589939E-002
 C3 -0.377519461692368       0.328500315886542       -1.45642251366070     
 C7 -1.181645103200726E-002  -1.51570157175001       0.272230215788393     
 C8 -0.875304209323587       0.724404373465027        1.03955797448568     
   354.000000000000        982.722324595402     
 C2  0.000000000000000E+000  0.000000000000000E+000  0.000000000000000E+000
 C1   1.42438408999733       0.582848712415450       5.493034314589939E-002
 C3 -0.480767162951941       0.451070843634967       -1.39176074410848     
 C7 -1.181645103200726E-002  -1.51570157175001       0.272230215788393     
 C8 -0.876825671236663       0.753037164299478        1.01769922320684     
   354.000000000000        692.312094101555     
 C2  0.000000000000000E+000  0.000000000000000E+000  0.000000000000000E+000
 C1   1.44540659934546       0.525509029713203       7.899381152018786E-002
 C3 -0.480767162951941       0.451070843634967       -1.39176074410848     
 C7 -1.181645103200726E-002  -1.51570157175001       0.272230215788393     
 C8 -0.801904812730415       0.712884228989211        1.10469212219961     
   354.000000000000        927.546068965591     
 C2  0.000000000000000E+000  0.000000000000000E+000  0.000000000000000E+000
 C1   1.39182652146136       0.568455004545709       0.333583335860337     
 C3 -0.480767162951941       0.451070843634967       -1.39176074410848     
 C7 -5.891366918900746E-002  -1.51806184690963       0.252225260528463     
 C8  -1.07663516175864       0.569542304725110       0.942379026222983     
   354.000000000000        849.486501937238     
 C2  0.000000000000000E+000  0.000000000000000E+000  0.000000000000000E+000
 C1   1.39182652146136       0.568455004545709       0.333583335860337     
 C3 -0.480767162951941       0.451070843634967       -1.39176074410848     
 C7  6.391195943635147E-002  -1.51945112755597       0.242453512902042     
 C8  -1.07663516175864       0.569542304725110       0.942379026222983     
   354.000000000000        494.039661497428     
 C2  0.000000000000000E+000  0.000000000000000E+000  0.000000000000000E+000
 C1   1.35755241142866       0.671050261292416       0.279898190497211     
 C3 -0.253238076124074       0.290535222412196       -1.49099285750492     
 C7  6.391195943635147E-002  -1.51945112755597       0.242453512902042     
 C8  -1.07663516175864       0.569542304725110       0.942379026222983     
   354.000000000000        1424.46014532697     
 C2  0.000000000000000E+000  0.000000000000000E+000  0.000000000000000E+000
 C1   1.39277202084557       0.651097887397086       8.864332449088008E-002
 C3 -0.477593527998926       0.434760887790622       -1.39802980377847     
 C7  6.391195943635147E-002  -1.51945112755597       0.242453512902042     
 C8  -1.07663516175864       0.569542304725110       0.942379026222983     
   354.000000000000        1461.71540030741     
 C2  0.000000000000000E+000  0.000000000000000E+000  0.000000000000000E+000
 C1   1.39833681809236       0.489900325951459       0.419823550792460     
 C3 -0.477593527998926       0.434760887790622       -1.39802980377847     
 C7  6.391195943635147E-002  -1.51945112755597       0.242453512902042     
 C8  -1.03027507444743       0.432823306876429        1.05962125000800     
   354.000000000000        552.114680371256     
 C2  0.000000000000000E+000  0.000000000000000E+000  0.000000000000000E+000
 C1   1.39833681809236       0.489900325951459       0.419823550792460     
 C3 -0.477593527998926       0.434760887790622       -1.39802980377847     
 C7  0.107529428450340       -1.53620541181573       1.051324088167289E-002
 C8  -1.03027507444743       0.432823306876429        1.05962125000800     
   354.000000000000        337.587818622713     
 C2  0.000000000000000E+000  0.000000000000000E+000  0.000000000000000E+000
 C1   1.33035416764268       0.738378731727944       0.237812188854116     
 C3 -0.477593527998926       0.434760887790622       -1.39802980377847     
 C7  0.107529428450340       -1.53620541181573       1.051324088167289E-002
 C8  -1.03027507444743       0.432823306876429        1.05962125000800     
   354.000000000000        334.074399301186     
 C2  0.000000000000000E+000  0.000000000000000E+000  0.000000000000000E+000
 C1   1.40457071489904       0.538494320893944       0.329855988596487     
 C3 -0.477593527998926       0.434760887790622       -1.39802980377847     
 C7  0.107529428450340       -1.53620541181573       1.051324088167289E-002
 C8  -1.06726254905585       0.382406776442119        1.04226467184952     
   354.000000000000        324.985630838071     
 C2  0.000000000000000E+000  0.000000000000000E+000  0.000000000000000E+000
 C1   1.36143097208947       0.576575357776065       0.430890432756326     
 C3 -0.477593527998926       0.434760887790622       -1.39802980377847     
 C7  0.107529428450340       -1.53620541181573       1.051324088167289E-002
 C8  -1.06726254905585       0.382406776442119        1.04226467184952     
   354.000000000000        303.258316910249     
 C2  0.000000000000000E+000  0.000000000000000E+000  0.000000000000000E+000
 C1   1.36143097208947       0.576575357776065       0.430890432756326     
 C3 -0.433472830816003       0.638281034652966       -1.33277851330914     
 C7  0.198780210049018       -1.51782319980914      -0.168224064041564     
 C8  -1.06726254905585       0.382406776442119        1.04226467184952     
   354.000000000000        643.667781120231     
 C2  0.000000000000000E+000  0.000000000000000E+000  0.000000000000000E+000
 C1   1.40654866545751       0.493029069526910       0.387483145828472     
 C3 -0.433472830816003       0.638281034652966       -1.33277851330914     
 C7  0.198780210049018       -1.51782319980914      -0.168224064041564     
 C8  -1.06726254905585       0.382406776442119        1.04226467184952     
   354.000000000000        792.299434200979     
 C2  0.000000000000000E+000  0.000000000000000E+000  0.000000000000000E+000
 C1   1.40654866545751       0.493029069526910       0.387483145828472     
 C3 -0.433472830816003       0.638281034652966       -1.33277851330914     
 C7  0.198780210049018       -1.51782319980914      -0.168224064041564     
 C8 -0.958615077974274       0.184789100127542        1.19101219902487     
   354.000000000000        572.612591930229     
 C2  0.000000000000000E+000  0.000000000000000E+000  0.000000000000000E+000
 C1   1.34748957415727       0.628751201250740       0.400679141537482     
 C3 -0.433472830816003       0.638281034652966       -1.33277851330914     
 C7  0.219508227558185       -1.51661589794216      -0.152618903324584     
 C8 -0.958615077974274       0.184789100127542        1.19101219902487     
   354.000000000000        697.038919494759     
 C2  0.000000000000000E+000  0.000000000000000E+000  0.000000000000000E+000
 C1   1.38976932465920       0.550209975232357       0.370688828252362     
 C3 -0.398292975836692       0.718008784246241       -1.30285303504893     
 C7 -2.291212276525761E-002  -1.52993725030540      -0.174261924317912     
 C8  -1.06003953849362       0.242633477830782        1.09043345039373     
   354.000000000000        680.461523559496     
 C2  0.000000000000000E+000  0.000000000000000E+000  0.000000000000000E+000
 C1   1.40822320733009       0.546040253217035       0.300578509217843     
 C3 -0.423903589733183       0.548148948077613       -1.37529575623738     
 C7 -2.291212276525761E-002  -1.52993725030540      -0.174261924317912     
 C8  -1.09857427617097       0.408905008867135       0.998764832646009     
   354.000000000000        575.348363640868     
 C2  0.000000000000000E+000  0.000000000000000E+000  0.000000000000000E+000
 C1   1.43064495924416       0.399866837886171       0.406154542690580     
 C3 -0.423903589733183       0.548148948077613       -1.37529575623738     
 C7 -2.291212276525761E-002  -1.52993725030540      -0.174261924317912     
 C8  -1.08346199991593       0.400630108196077        1.01843288861692     
   354.000000000000        244.678572590927     
 C2  0.000000000000000E+000  0.000000000000000E+000  0.000000000000000E+000
 C1   1.43064495924416       0.399866837886171       0.406154542690580     
 C3 -0.346296418266575       0.635493101201604       -1.35934809699823     
 C7 -2.291212276525761E-002  -1.52993725030540      -0.174261924317912     
 C8  -1.08346199991593       0.400630108196077        1.01843288861692     
   354.000000000000        242.729219329621     
 C2  0.000000000000000E+000  0.000000000000000E+000  0.000000000000000E+000
 C1   1.43064495924416       0.399866837886171       0.406154542690580     
 C3 -0.305960246793851       0.656829939810199       -1.35888288580826     
 C7 -2.291212276525761E-002  -1.52993725030540      -0.174261924317912     
 C8  -1.08346199991593       0.400630108196077        1.01843288861692     
   354.000000000000        1096.05315440181     
 C2  0.000000000000000E+000  0.000000000000000E+000  0.000000000000000E+000
 C1   1.32202920886782       0.623652024440699       0.484661658594264     
 C3 -0.305960246793851       0.656829939810199       -1.35888288580826     
 C7 -2.291212276525761E-002  -1.52993725030540      -0.174261924317912     
 C8  -1.08232732331211       0.228823204269008        1.07135775718092     
   354.000000000000        681.313663708757     
 C2  0.000000000000000E+000  0.000000000000000E+000  0.000000000000000E+000
 C1   1.32202920886782       0.623652024440699       0.484661658594264     
 C3 -0.337418844560469       0.764268014803210       -1.29369349719168     
 C7  0.226589766279104       -1.46081549358607      -0.431596275499571     
 C8  -1.08232732331211       0.228823204269008        1.07135775718092     
   354.000000000000        458.353733861963     
 C2  0.000000000000000E+000  0.000000000000000E+000  0.000000000000000E+000
 C1   1.33845916544857       0.497849572207831       0.576431145826797     
 C3 -0.330707120982643       0.834651542984465       -1.25123520639280     
 C7  0.226589766279104       -1.46081549358607      -0.431596275499571     
 C8  -1.08232732331211       0.228823204269008        1.07135775718092     
   354.000000000000        668.764167184531     
 C2  0.000000000000000E+000  0.000000000000000E+000  0.000000000000000E+000
 C1   1.33845916544857       0.497849572207831       0.576431145826797     
 C3 -0.330707120982643       0.834651542984465       -1.25123520639280     
 C7  5.423582756140020E-002  -1.49034880140200      -0.384082150948183     
 C8  -1.02682993679333       0.373462831371628        1.08523994211442     
   354.000000000000        901.452891321169     
 C2  0.000000000000000E+000  0.000000000000000E+000  0.000000000000000E+000
 C1   1.40522490011107       0.262623922192168       0.572688096262032     
 C3 -0.146579009215282       0.888398904423461       -1.24934459636582     
 C7  5.423582756140020E-002  -1.49034880140200      -0.384082150948183     
 C8  -1.02261707549667       0.201514098373574        1.13368704788004     
   354.000000000000        791.357298399447     
 C2  0.000000000000000E+000  0.000000000000000E+000  0.000000000000000E+000
 C1   1.40522490011107       0.262623922192168       0.572688096262032     
 C3 -0.127786729994278        1.06587910475386       -1.10416132221623     
 C7  4.098818935182765E-002  -1.43654514574990      -0.553405986654189     
 C8  -1.02261707549667       0.201514098373574        1.13368704788004     
   354.000000000000        791.357298399447     
 C2  0.000000000000000E+000  0.000000000000000E+000  0.000000000000000E+000
 C1   1.40522490011107       0.262623922192168       0.572688096262032     
 C3 -0.127786729994278        1.06587910475386       -1.10416132221623     
 C7  4.098818935182765E-002  -1.43654514574990      -0.553405986654189     
 C8  -1.02261707549667       0.201514098373574        1.13368704788004     
   354.000000000000        894.872943873624     
 C2  0.000000000000000E+000  0.000000000000000E+000  0.000000000000000E+000
 C1   1.40522490011107       0.262623922192168       0.572688096262032     
 C3 -9.820445996588976E-002  0.990681037888123       -1.17494974573534     
 C7  4.098818935182765E-002  -1.43654514574990      -0.553405986654189     
 C8  -1.02261707549667       0.201514098373574        1.13368704788004     
   354.000000000000        1156.81761232806     
 C2  0.000000000000000E+000  0.000000000000000E+000  0.000000000000000E+000
 C1   1.40522490011107       0.262623922192168       0.572688096262032     
 C3 -0.144893092090075       0.932576860528850       -1.21692494873864     
 C7  4.098818935182765E-002  -1.43654514574990      -0.553405986654189     
 C8 -0.970256806510360       0.269454548310723        1.16515917937705     
   354.000000000000        669.767887618363     
 C2  0.000000000000000E+000  0.000000000000000E+000  0.000000000000000E+000
 C1   1.28289479060143       0.356611779249214       0.773698258462829     
 C3 -0.120854283004679       0.873262604893864       -1.26269814483321     
 C7 -0.162320227912241       -1.46091240527339      -0.459333496750982     
 C8  -1.19913443083885       0.370234269744458       0.892526268383845     
   354.000000000000        302.118403105040     
 C2  0.000000000000000E+000  0.000000000000000E+000  0.000000000000000E+000
 C1   1.35439570425382       0.203109243599570       0.704243502961309     
 C3 -0.120854283004679       0.873262604893864       -1.26269814483321     
 C7 -0.162320227912241       -1.46091240527339      -0.459333496750982     
 C8  -1.19913443083885       0.370234269744458       0.892526268383845     
   354.000000000000        849.500843079800     
 C2  0.000000000000000E+000  0.000000000000000E+000  0.000000000000000E+000
 C1   1.36516744101826       0.374265294480779       0.606500904641417     
 C3 -0.120854283004679       0.873262604893864       -1.26269814483321     
 C7 -0.133425557326677       -1.47738512690712      -0.413679804866439     
 C8  -1.19389373685423       0.456301708825773       0.859073008011855     
   354.000000000000        403.911387589870     
 C2  0.000000000000000E+000  0.000000000000000E+000  0.000000000000000E+000
 C1   1.36516744101826       0.374265294480779       0.606500904641417     
 C3 -0.120854283004679       0.873262604893864       -1.26269814483321     
 C7 -0.133425557326677       -1.47738512690712      -0.413679804866439     
 C8  -1.13475712380079       0.381815407434783       0.968577927737567     
   354.000000000000        1249.67536953289     
 C2  0.000000000000000E+000  0.000000000000000E+000  0.000000000000000E+000
 C1   1.27444641866494       0.299944022054253       0.810814349642401     
 C3 -0.174521665688534       0.685555171665787       -1.36790212902803     
 C7 -0.182847449083579       -1.51691192299779      -0.192730904993012     
 C8  -1.13475712380079       0.381815407434783       0.968577927737567     
   354.000000000000        1191.49081098257     
 C2  0.000000000000000E+000  0.000000000000000E+000  0.000000000000000E+000
 C1   1.27444641866494       0.299944022054253       0.810814349642401     
 C3 -0.174521665688534       0.685555171665787       -1.36790212902803     
 C7 -0.182847449083579       -1.51691192299779      -0.192730904993012     
 C8  -1.23283125827454       0.520290211349966       0.762250039072650     
   354.000000000000        1177.42479957587     
 C2  0.000000000000000E+000  0.000000000000000E+000  0.000000000000000E+000
 C1   1.26607293774372       0.489214887203584       0.727549386950027     
 C3 -0.174521665688534       0.685555171665787       -1.36790212902803     
 C7 -0.115771180587771       -1.53482582006986       5.006904533562735E-002
 C8  -1.12972827592124       0.518462114375556       0.909126501655777     
   354.000000000000        1021.30374558213     
 C2  0.000000000000000E+000  0.000000000000000E+000  0.000000000000000E+000
 C1   1.26607293774372       0.489214887203584       0.727549386950027     
 C3 -0.174521665688534       0.685555171665787       -1.36790212902803     
 C7  7.691753361270810E-003  -1.53982062283404      -2.221395808627670E-002
 C8  -1.26183943955501       0.504825028056333       0.724232598895586     
   354.000000000000        382.407392512424     
 C2  0.000000000000000E+000  0.000000000000000E+000  0.000000000000000E+000
 C1   1.26607293774372       0.489214887203584       0.727549386950027     
 C3 -0.174521665688534       0.685555171665787       -1.36790212902803     
 C7  0.142451506494968       -1.52441068004752      -0.165770384456989     
 C8  -1.17886806231158       0.414294232450579       0.900127945400846     
   354.000000000000        1328.13493933746     
 C2  0.000000000000000E+000  0.000000000000000E+000  0.000000000000000E+000
 C1   1.26607293774372       0.489214887203584       0.727549386950027     
 C3 -7.197646692055794E-002  0.642376054604351       -1.39777406345675     
 C7  0.248017595978618       -1.51525894484608      -0.118649802602273     
 C8  -1.15526140577336       0.217807684521673       0.994751644565356     
   354.000000000000        813.340071330060     
 C2  0.000000000000000E+000  0.000000000000000E+000  0.000000000000000E+000
 C1   1.26607293774372       0.489214887203584       0.727549386950027     
 C3 -0.136755204604153       0.680931879433078       -1.37449253522063     
 C7  3.943307441150212E-002  -1.52292784443938      -0.225246502264364     
 C8  -1.31754773639541       0.167126720274358       0.779574601408537     
   354.000000000000        522.696557428128     
 C2  0.000000000000000E+000  0.000000000000000E+000  0.000000000000000E+000
 C1   1.26607293774372       0.489214887203584       0.727549386950027     
 C3 -0.136755204604153       0.680931879433078       -1.37449253522063     
 C7  3.943307441150212E-002  -1.52292784443938      -0.225246502264364     
 C8  -1.31858285946480       0.248044265566322       0.755918793599505     
   354.000000000000        201.421014141311     
 C2  0.000000000000000E+000  0.000000000000000E+000  0.000000000000000E+000
 C1   1.28899420675922       0.391023873506268       0.746454462970989     
 C3 -0.136755204604153       0.680931879433078       -1.37449253522063     
 C7  3.943307441150212E-002  -1.52292784443938      -0.225246502264364     
 C8  -1.23949454981515       0.310051205770528       0.859721727217824     
   354.000000000000        456.221689048893     
 C2  0.000000000000000E+000  0.000000000000000E+000  0.000000000000000E+000
 C1   1.34809760369335       0.433671532609265       0.605113090852098     
 C3 -0.136755204604153       0.680931879433078       -1.37449253522063     
 C7 -3.015472110864967E-002  -1.51307221517452      -0.285137401914194     
 C8  -1.20097963303515       0.483525748102646       0.833936873766932     
   354.000000000000        500.974738515165     
 C2  0.000000000000000E+000  0.000000000000000E+000  0.000000000000000E+000
 C1   1.17629251521869       0.484486338925443       0.867876089102072     
 C3 -5.432422477308119E-002  0.733705315128807       -1.35289516554179     
 C7 -3.015472110864967E-002  -1.51307221517452      -0.285137401914194     
 C8  -1.27198763746395       0.345527093509124       0.796403424943445     
   354.000000000000        545.389626201576     
 C2  0.000000000000000E+000  0.000000000000000E+000  0.000000000000000E+000
 C1   1.15620415646747       0.585953260877071       0.831535161394195     
 C3 -5.432422477308119E-002  0.733705315128807       -1.35289516554179     
 C7  0.104311432623489       -1.53477968798611      -7.190693901107073E-002
 C8  -1.27198763746395       0.345527093509124       0.796403424943445     
   354.000000000000        435.042672654731     
 C2  0.000000000000000E+000  0.000000000000000E+000  0.000000000000000E+000
 C1   1.19033915261639       0.524644858853083       0.824281792730818     
 C3 -5.432422477308119E-002  0.733705315128807       -1.35289516554179     
 C7  0.104311432623489       -1.53477968798611      -7.190693901107073E-002
 C8  -1.27198763746395       0.345527093509124       0.796403424943445     
   354.000000000000        454.933197519634     
 C2  0.000000000000000E+000  0.000000000000000E+000  0.000000000000000E+000
 C1   1.22930104791091       0.471925649296373       0.798564408887187     
 C3 -5.432422477308119E-002  0.733705315128807       -1.35289516554179     
 C7  0.104311432623489       -1.53477968798611      -7.190693901107073E-002
 C8  -1.27198763746395       0.345527093509124       0.796403424943445     
   354.000000000000        192.812261855233     
 C2  0.000000000000000E+000  0.000000000000000E+000  0.000000000000000E+000
 C1   1.22930104791091       0.471925649296373       0.798564408887187     
 C3 -5.432422477308119E-002  0.733705315128807       -1.35289516554179     
 C7  0.109883810635224       -1.50836647377039      -0.290441564646661     
 C8  -1.33557663241465       0.258538749729265       0.721798248340899     
   354.000000000000        334.789916533657     
 C2  0.000000000000000E+000  0.000000000000000E+000  0.000000000000000E+000
 C1   1.22930104791091       0.471925649296373       0.798564408887187     
 C3 -5.432422477308119E-002  0.733705315128807       -1.35289516554179     
 C7  0.142230168188482       -1.48994105119567      -0.362555398149935     
 C8  -1.33557663241465       0.258538749729265       0.721798248340899     
   354.000000000000        334.789916533657     
 C2  0.000000000000000E+000  0.000000000000000E+000  0.000000000000000E+000
 C1   1.22930104791091       0.471925649296373       0.798564408887187     
 C3 -5.432422477308119E-002  0.733705315128807       -1.35289516554179     
 C7  0.142230168188482       -1.48994105119567      -0.362555398149935     
 C8  -1.33557663241465       0.258538749729265       0.721798248340899     
   354.000000000000        401.219485406381     
 C2  0.000000000000000E+000  0.000000000000000E+000  0.000000000000000E+000
 C1   1.22930104791091       0.471925649296373       0.798564408887187     
 C3 -5.432422477308119E-002  0.733705315128807       -1.35289516554179     
 C7  7.110429985029100E-002  -1.52982251890689      -0.161825253581834     
 C8  -1.33557663241465       0.258538749729265       0.721798248340899     
   354.000000000000        693.368629633520     
 C2  0.000000000000000E+000  0.000000000000000E+000  0.000000000000000E+000
 C1   1.22930104791091       0.471925649296373       0.798564408887187     
 C3  4.415670694924302E-002  0.688363966526818       -1.37688241132301     
 C7  0.270417814542623       -1.48658878746034      -0.297536814669755     
 C8  -1.33557663241465       0.258538749729265       0.721798248340899     
   354.000000000000        366.611209783307     
 C2  0.000000000000000E+000  0.000000000000000E+000  0.000000000000000E+000
 C1   1.22930104791091       0.471925649296373       0.798564408887187     
 C3  4.415670694924302E-002  0.688363966526818       -1.37688241132301     
 C7  0.171443549961617       -1.51098143853713      -0.243192053902771     
 C8  -1.35648779733671       0.250500895659125       0.684682477081303     
   354.000000000000        569.779070555324     
 C2  0.000000000000000E+000  0.000000000000000E+000  0.000000000000000E+000
 C1   1.22930104791091       0.471925649296373       0.798564408887187     
 C3  4.415670694924302E-002  0.688363966526818       -1.37688241132301     
 C7  0.251827424644419       -1.50132090859434      -0.232848987807707     
 C8  -1.35648779733671       0.250500895659125       0.684682477081303     
   354.000000000000        298.723167860228     
 C2  0.000000000000000E+000  0.000000000000000E+000  0.000000000000000E+000
 C1   1.11683595158770       0.474545502037962       0.948200413275973     
 C3  4.415670694924302E-002  0.688363966526818       -1.37688241132301     
 C7  0.251827424644419       -1.50132090859434      -0.232848987807707     
 C8  -1.35648779733671       0.250500895659125       0.684682477081303     
   354.000000000000        327.569825783816     
 C2  0.000000000000000E+000  0.000000000000000E+000  0.000000000000000E+000
 C1   1.11683595158770       0.474545502037962       0.948200413275973     
 C3  4.415670694924302E-002  0.688363966526818       -1.37688241132301     
 C7  0.251827424644419       -1.50132090859434      -0.232848987807707     
 C8  -1.38734938724916       0.263873858591847       0.614192316724053     
   354.000000000000        280.572397161739     
 C2  0.000000000000000E+000  0.000000000000000E+000  0.000000000000000E+000
 C1   1.11683595158770       0.474545502037962       0.948200413275973     
 C3  3.187666397081964E-002  0.748419950483915       -1.34553015417848     
 C7  0.251827424644419       -1.50132090859434      -0.232848987807707     
 C8  -1.38734938724916       0.263873858591847       0.614192316724053     
   354.000000000000        280.572397161739     
 C2  0.000000000000000E+000  0.000000000000000E+000  0.000000000000000E+000
 C1   1.11683595158770       0.474545502037962       0.948200413275973     
 C3  3.187666397081964E-002  0.748419950483915       -1.34553015417848     
 C7  0.251827424644419       -1.50132090859434      -0.232848987807707     
 C8  -1.38734938724916       0.263873858591847       0.614192316724053     
   354.000000000000        1064.90031637478     
 C2  0.000000000000000E+000  0.000000000000000E+000  0.000000000000000E+000
 C1  0.992268466288891       0.601829704621731        1.01232618134849     
 C3  0.123236294703534       0.679469468709754       -1.37649336959930     
 C7  0.251827424644419       -1.50132090859434      -0.232848987807707     
 C8  -1.47819605580956       0.294087643862312       0.316304941137825     
   354.000000000000        918.298650073880     
 C2  0.000000000000000E+000  0.000000000000000E+000  0.000000000000000E+000
 C1  0.878591123879557       0.709715042143040        1.04689168302932     
 C3  0.123236294703534       0.679469468709754       -1.37649336959930     
 C7  0.274189477728573       -1.51060265739684      -0.120415593994984     
 C8  -1.47819605580956       0.294087643862312       0.316304941137825     
   354.000000000000        809.123784665376     
 C2  0.000000000000000E+000  0.000000000000000E+000  0.000000000000000E+000
 C1  0.878591123879557       0.709715042143040        1.04689168302932     
 C3  0.239869318754131       0.774136443078098       -1.30949433645611     
 C7  0.274189477728573       -1.51060265739684      -0.120415593994984     
 C8  -1.47819605580956       0.294087643862312       0.316304941137825     
   354.000000000000        1135.74125883120     
 C2  0.000000000000000E+000  0.000000000000000E+000  0.000000000000000E+000
 C1  0.958240926076268       0.551167058705604        1.07218897634247     
 C3  0.381589629811323       0.863817341752999       -1.21647395956471     
 C7  0.274189477728573       -1.51060265739684      -0.120415593994984     
 C8  -1.47819605580956       0.294087643862312       0.316304941137825     
   354.000000000000        1624.28234086666     
 C2  0.000000000000000E+000  0.000000000000000E+000  0.000000000000000E+000
 C1  0.735993389876370       0.403907384167621        1.29103545848794     
 C3  0.381589629811323       0.863817341752999       -1.21647395956471     
 C7  0.318557947039632       -1.50530588310580      -6.461583531604445E-002
 C8  -1.47819605580956       0.294087643862312       0.316304941137825     
   354.000000000000        656.279298692197     
 C2  0.000000000000000E+000  0.000000000000000E+000  0.000000000000000E+000
 C1  0.791011974820449       0.403140860841013        1.25832328994222     
 C3  0.381589629811323       0.863817341752999       -1.21647395956471     
 C7  0.186902820864965       -1.51297664118442      -0.218103627415193     
 C8  -1.52111568306125       0.142045713301795       0.193984616785196     
   354.000000000000        1134.50369108936     
 C2  0.000000000000000E+000  0.000000000000000E+000  0.000000000000000E+000
 C1  0.609265948600119       0.397215362973611        1.35742954118957     
 C3  0.381589629811323       0.863817341752999       -1.21647395956471     
 C7  0.186902820864965       -1.51297664118442      -0.218103627415193     
 C8  -1.52642660100724       0.148883597058435       0.139482772183677     
   354.000000000000        935.842397399225     
 C2  0.000000000000000E+000  0.000000000000000E+000  0.000000000000000E+000
 C1  0.814304277410721       0.505677300411298        1.20532112386672     
 C3  0.250340302245834       0.862944239101059       -1.25070256778563     
 C7  0.330359555741531       -1.45671933193142      -0.374741945098458     
 C8  -1.52148526758871       0.174018269760306       0.162481259755607     
   354.000000000000        947.455504586975     
 C2  0.000000000000000E+000  0.000000000000000E+000  0.000000000000000E+000
 C1  0.814304277410721       0.505677300411298        1.20532112386672     
 C3  0.250340302245834       0.862944239101059       -1.25070256778563     
 C7  0.489310609864986       -1.41406131227951      -0.364150938068996     
 C8  -1.46379794907755       0.159336329365095       0.451117984448021     
   354.000000000000        955.609240095604     
 C2  0.000000000000000E+000  0.000000000000000E+000  0.000000000000000E+000
 C1  0.806641740850123       0.526742200946230        1.20144569401226     
 C3  0.250340302245834       0.862944239101059       -1.25070256778563     
 C7  0.489310609864986       -1.41406131227951      -0.364150938068996     
 C8  -1.46379794907755       0.159336329365095       0.451117984448021     
   354.000000000000        500.245441289072     
 C2  0.000000000000000E+000  0.000000000000000E+000  0.000000000000000E+000
 C1  0.806641740850123       0.526742200946230        1.20144569401226     
 C3  0.250340302245834       0.862944239101059       -1.25070256778563     
 C7  0.401323129075761       -1.45430301296009      -0.309099767183158     
 C8  -1.46152234122869      -4.607153030360191E-002  0.483145731282518     
