         100
   403.000000000000        20394.1811678086     
 CH  -6.83867888562544      -0.471805394088180      -5.359097932307737E-002
 CH  -5.32978855298111      -0.525860080664676       7.112090828844889E-002
 CH  -4.93097542036635       0.926373700702082      -9.498185963311043E-002
 CH  -5.32200000000000        1.67900000000000        1.16100000000000     
 CH  -6.83401357892584        1.66785609247997        1.06656615824260     
 CH  -7.12461058567653       0.195315266525748        1.27610826753236     
   403.000000000000        16562.0184519200     
 CH  -6.81881245655168      -0.318649052826908      -0.116219435839311     
 CH  -5.32978855298111      -0.525860080664676       7.112090828844889E-002
 CH  -4.85059910723756       0.905345185199548      -6.174730480446547E-002
 CH  -5.34074427437108        1.48823853624952        1.24853131306174     
 CH  -6.82336655345073        1.65302667820822       0.984139471571774     
 CH  -7.25940354035313       0.222322304969490        1.22845022133251     
   403.000000000000        18675.2923316863     
 CH  -6.82339121574700      -0.343163516142848      -0.107663604592879     
 CH  -5.32380200969391      -0.534584254343599      -8.591337657287659E-003
 CH  -4.90489991507958       0.919240480930112      -8.945958998205392E-002
 CH  -5.33955387416250        1.49119410771912        1.24499984539110     
 CH  -6.83490482135340        1.66983280656979        1.07995209469988     
 CH  -7.25265382370385       0.220918538616214        1.23116127152381     
   403.000000000000        17591.1984360916     
 CH  -6.80862697179054      -0.259979526533271      -0.135032055101463     
 CH  -5.32177979774703      -0.537003806182255      -4.689562946595187E-002
 CH  -4.95479139712309       0.931689525594269      -0.109220672608004     
 CH  -5.34504571872699        1.46748944048599        1.25366487492396     
 CH  -6.83817802004498        1.67473302987247        1.10255886770028     
 CH  -7.29612987684734       0.234194345521170        1.21145972049165     
   403.000000000000        17902.4061563352     
 CH  -6.79717285083782      -0.221450476608238      -0.148976013427220     
 CH  -5.31608265168658      -0.537176195441093      -0.105225671192630     
 CH  -4.89231692567931       0.917335928901780      -8.419974431357649E-002
 CH  -5.35503993235948        1.41620253104217        1.26999984672084     
 CH  -6.83282731578512        1.66884007569148        1.05195003493105     
 CH  -7.32818915544534       0.243400846671035        1.19148731374234     
   403.000000000000        18976.8307829114     
 CH  -6.80182426647801      -0.257763979344686      -0.137826365259481     
 CH  -5.31891279799760      -0.527890924666248       1.458757787077783E-002
 CH  -4.87537110664208       0.917881990882103      -7.834489598158464E-002
 CH  -5.35466511494147        1.41784939294460        1.26967099802085     
 CH  -6.84228492741944        1.67906188911090        1.15142411489246     
 CH  -7.34768101366206       0.250618992273493        1.18069332201194     
   403.000000000000        19850.0534457509     
 CH  -6.81019364929351      -0.310641465179636      -0.120816196706826     
 CH  -5.33126056921131      -0.507368327876791       0.142395668777881     
 CH  -4.96539925380057       0.940439463364080      -0.113774387060349     
 CH  -5.32732892923433        1.67414672104221        1.16196758139207     
 CH  -6.84228492741944        1.67906188911090        1.15142411489246     
 CH  -7.25353432487232       0.222345369112406        1.22613631910384     
   403.000000000000        17595.7185804008     
 CH  -6.82075566761981      -0.372630496949116      -9.437639564650616E-002
 CH  -5.33265813802538      -0.504132773988550       0.157611488086820     
 CH  -4.85582742467087       0.916239534867665      -6.777700992563859E-002
 CH  -5.34986742107502        1.49014185934203        1.24500538023501     
 CH  -6.84689997087234        1.67786996927175        1.10760559279129     
 CH  -7.24520067920327       0.221048510232567        1.23313958112127     
   403.000000000000        17252.6971371678     
 CH  -6.81996303358088      -0.360655638632892      -9.882061846380079E-002
 CH  -5.31917717011275      -0.525570363105171       2.635895521527983E-002
 CH  -5.02983287642480       0.952856438061714      -0.135378712944283     
 CH  -5.35149385978071        1.48047861808950        1.24845149590695     
 CH  -6.83531650376417        1.66133070606961        1.00189545060453     
 CH  -7.36945999486741       0.253368031223104        1.17237371065880     
   403.000000000000        21398.8454952891     
 CH  -6.83851174790779      -0.489397654847616      -3.646874998129901E-002
 CH  -5.33475081230977      -0.506500469349357       0.146931201778594     
 CH  -4.89378214102708       0.924331551533953      -8.521392300800605E-002
 CH  -5.34182197627681        1.56729385714317        1.21197410484111     
 CH  -6.83717145573182        1.66017473656713       0.987185144856243     
 CH  -7.36945999486741       0.253368031223104        1.17237371065880     
   403.000000000000        17546.9583992188     
 CH  -6.83920261467795      -0.497924201053614      -3.184672351335666E-002
 CH  -5.33877684528370      -0.500321475062259       0.177776184621780     
 CH  -4.94959201314763       0.935743926576167      -0.108364215623101     
 CH  -5.33507749954692        1.63927562806859        1.17743556846876     
 CH  -6.83462776546730        1.65728658413807       0.962373704253830     
 CH  -7.21224112266532       0.218047342771850        1.25000116917546     
   403.000000000000        19115.1350411236     
 CH  -6.83544135699467      -0.456427359806231      -5.237873862671893E-002
 CH  -5.34728026289828      -0.486579564944889       0.229919689535998     
 CH  -4.87942745996146       0.921421313246259      -7.711822635899845E-002
 CH  -5.35111226032945        1.50999104411351        1.23739161423128     
 CH  -6.84018584644210        1.66731419504670        1.00687853147437     
 CH  -7.38217828357602       0.260884097963407        1.16476957019386     
   403.000000000000        17796.1777592942     
 CH  -6.83292125911126      -0.436448680758986      -6.262556306960215E-002
 CH  -5.34728026289828      -0.486579564944889       0.229919689535998     
 CH  -4.94000752154020       0.934129421576175      -0.103756635313388     
 CH  -5.35149384275940        1.49635262970186        1.24213380290748     
 CH  -6.84314816081011        1.67251964464598        1.04424601074640     
 CH  -7.35989700720305       0.254177610144557        1.17843804820740     
   403.000000000000        18403.2895198932     
 CH  -6.83314243765758      -0.438255453320510      -6.178191217865447E-002
 CH  -5.32548106228984      -0.521288574130843       6.186143811880168E-002
 CH  -4.92208137692089       0.930529079151870      -9.662892581837612E-002
 CH  -5.33699467383864        1.60046806163940        1.19792339671804     
 CH  -6.83081221778906        1.65057441008950       0.950485527282187     
 CH  -7.23044136534876       0.218534868502157        1.24423762642539     
   403.000000000000        18360.4666949326     
 CH  -6.81383951358543      -0.301688013484665      -0.116435264657487     
 CH  -5.33750492056015      -0.507998501546631       0.153929585041105     
 CH  -4.81753485764392       0.900845921626675      -4.710156917233155E-002
 CH  -5.35165751961928        1.49106296927576        1.24254714990925     
 CH  -6.85094713051907        1.68042383250211        1.13530850889699     
 CH  -7.27563206460960       0.228442130016008        1.22543532178912     
   403.000000000000        16250.1304934583     
 CH  -6.80227037040633      -0.245190871036964      -0.133196923757378     
 CH  -5.31562560247208      -0.533475471070709      -8.842725369931718E-002
 CH  -4.94818002364475       0.936263755394358      -0.110229840475822     
 CH  -5.33542792996094        1.59096582072297        1.20058718134995     
 CH  -6.81603996410755        1.63117724725501       0.882156583705004     
 CH  -7.26098380440376       0.225287718301795        1.23177153098585     
   403.000000000000        15879.8340168507     
 CH  -6.80454237553837      -0.267642369748397      -0.126016431219651     
 CH  -5.32399006192759      -0.520104530376636       7.261061656767931E-002
 CH  -4.98837328715034       0.944002218205144      -0.125827810269055     
 CH  -5.33664972476437        1.60746658213886        1.19150113907994     
 CH  -6.84387131332606        1.67112083202003        1.05200841724229     
 CH  -7.22249199908189       0.216716458683322        1.24716295891847     
   403.000000000000        17710.4843082718     
 CH  -6.82773372679367      -0.419127283147182      -6.924432427497443E-002
 CH  -5.32108418572387      -0.522458811413956       5.139876777865177E-002
 CH  -4.94981552777069       0.937988023902810      -0.106333996208175     
 CH  -5.34715703140554        1.51491273448878        1.23758363810001     
 CH  -6.83990845812296        1.66697270298708        1.02830405473498     
 CH  -7.24388932483162       0.221572280714387        1.23889388978701     
   403.000000000000        18741.0697571249     
 CH  -6.83042433224221      -0.446688387695265      -5.681893062242963E-002
 CH  -5.33606076500128      -0.497383965711272       0.187173871059530     
 CH  -4.78097258254729       0.896499063246661      -2.399480863284292E-002
 CH  -5.34397704471261        1.53735560725255        1.22866869989081     
 CH  -6.81786775922108        1.63344694246335       0.891563943200635     
 CH  -7.32940527333111       0.240157438517767        1.19783952148467     
   403.000000000000        16996.7152578248     
 CH  -6.82554319512093      -0.401660396380596      -7.838707865568967E-002
 CH  -5.33376391941464      -0.500629426639944       0.166612357308487     
 CH  -4.87610898701827       0.923304072426790      -7.544208509834813E-002
 CH  -5.36559240419770        1.42441043992736        1.26848328215861     
 CH  -6.84454695392514        1.66839973393040        1.04850677374818     
 CH  -7.31997772826579       0.237712596356102        1.20287935288490     
   403.000000000000        20548.4612793903     
 CH  -6.82554319512093      -0.401660396380596      -7.838707865568967E-002
 CH  -5.33376391941464      -0.500629426639944       0.166612357308487     
 CH  -4.83729230950493       0.913895070810691      -5.307238650804463E-002
 CH  -5.33858678824077        1.60479022498984        1.19920742708026     
 CH  -6.84206762778438        1.66453394226812        1.02256356681035     
 CH  -7.31997772826579       0.237712596356102        1.20287935288490     
   403.000000000000        18432.9924710751     
 CH  -6.83703444121973      -0.563466418332690       6.741949409071912E-003
 CH  -5.33452967490041      -0.494513421861022       0.188263054147189     
 CH  -4.99823617498469       0.949740292126296      -0.122643509868947     
 CH  -5.33409560556841        1.65445708440573        1.17635983330126     
 CH  -6.83656190814100        1.65625672732807       0.981889344745137     
 CH  -7.21808825358862       0.214224998108019        1.24968243586593     
   403.000000000000        14549.1824034494     
 CH  -6.82054041223164      -0.388289388815337      -8.079177018255759E-002
 CH  -5.33453200538962      -0.498541125752316       0.192792895501133     
 CH  -4.86524148268116       0.918418682042574      -6.723846489590199E-002
 CH  -5.35120609750609        1.51311107499782        1.23928989334943     
 CH  -6.82826668596392        1.64282973598880       0.928336380721971     
 CH  -7.22179459760782       0.215013251620994        1.24959464088780     
   403.000000000000        17339.0174549757     
 CH  -6.81268963505722      -0.332199922209281      -0.102477055437172     
 CH  -5.31378027282969      -0.527786932581324      -1.277029743277883E-003
 CH  -4.89621914486953       0.926425806105934      -8.210409857785658E-002
 CH  -5.35443434109519        1.49317842248537        1.24668004708876     
 CH  -6.84411740649530        1.66649491527803        1.03212758733535     
 CH  -7.22179459760782       0.215013251620994        1.24959464088780     
   403.000000000000        18286.7155465937     
 CH  -6.81747058600529      -0.351395136778115      -9.604026862289226E-002
 CH  -5.31996697857076      -0.521463101352548       5.818305369293693E-002
 CH  -4.89621914486953       0.926425806105934      -8.210409857785658E-002
 CH  -5.34470654594078        1.56532730638295        1.21693436275582     
 CH  -6.85196100715683        1.67930182377175        1.11485205023120     
 CH  -7.15936459397369       0.203593792805615        1.27144017926470     
   403.000000000000        16191.2924896750     
 CH  -6.82826102588380      -0.439554626774411      -5.828612090867656E-002
 CH  -5.31709274306615      -0.525713418638832       6.305547210678206E-003
 CH  -5.01728439951560       0.953407103803333      -0.127643835870949     
 CH  -5.36258101578110        1.46063658911811        1.25811425846692     
 CH  -6.84847652915494        1.67001162137552        1.04953904612673     
 CH  -7.17923373384545       0.206974788409292        1.26599665613266     
   403.000000000000        17807.3836293181     
 CH  -6.81263254096440      -0.331897758617535      -0.101521557141446     
 CH  -5.33193271709588      -0.501173748578570       0.170689153188775     
 CH  -4.97735293811713       0.944348095451961      -0.112797669732527     
 CH  -5.34109107356734        1.62156560198764        1.19330646763969     
 CH  -6.85285454841517        1.67909755541275        1.11275666657742     
 CH  -7.26718830590611       0.226180319688890        1.23145815578448     
   403.000000000000        18879.3138986606     
 CH  -6.83270428797611      -0.520615394776495      -1.641678240061197E-002
 CH  -5.31940003259572      -0.523388868833813       5.519005029930657E-002
 CH  -5.12207072582197       0.964128113842538      -0.154522540971928     
 CH  -5.34109107356734        1.62156560198764        1.19330646763969     
 CH  -6.85258948197544        1.67849296140751        1.10752280293984     
 CH  -7.18779523105664       0.208731287540362        1.26298574969615     
   403.000000000000        16158.6818831301     
 CH  -6.81472761437798      -0.332878605152645      -0.101889972444429     
 CH  -5.31759097256853      -0.526818365865972       2.536663825234192E-002
 CH  -4.96095533582025       0.939797362495413      -0.106823860363153     
 CH  -5.36758705001733        1.42341879923772        1.27070942596153     
 CH  -6.85371354040270        1.68074764959506        1.12775167923654     
 CH  -7.22627379048897       0.216726791661904        1.24846948070898     
   403.000000000000        16510.1997833585     
 CH  -6.82487620952607      -0.402193310640918      -7.313946558026649E-002
 CH  -5.31663853620987      -0.532676477290487      -1.467354378910846E-002
 CH  -5.03771820391138       0.951977070667356      -0.131430945125187     
 CH  -5.36294970221263        1.44741360513560        1.26341819109953     
 CH  -6.82904859010804        1.64988799464031       0.939712811924890     
 CH  -7.32357955555022       0.241952461085937        1.20407555055083     
   403.000000000000        15390.6071093916     
 CH  -6.82355888632143      -0.411112612673573      -6.607957779693494E-002
 CH  -5.32572324501926      -0.511464933822162       0.137986105954809     
 CH  -4.90681316893253       0.927446853330988      -8.488654141315494E-002
 CH  -5.35406445162736        1.50363260906262        1.24357620364966     
 CH  -6.83409306090002        1.65504021297094       0.957537651679388     
 CH  -7.22233486352666       0.220033169753887        1.25207812192191     
   403.000000000000        15857.7325940979     
 CH  -6.81116073138986      -0.330622963353575      -9.756072710891844E-002
 CH  -5.31176011976563      -0.533050264654689      -1.980473988679959E-002
 CH  -5.01534146136671       0.948840357611138      -0.128253633812245     
 CH  -5.33689684980624        1.62852752483726        1.18759760659210     
 CH  -6.83376686245730        1.65449166568782       0.955362750000801     
 CH  -7.17557184829005       0.211774216860609        1.26915681385384     
   403.000000000000        19078.0230480796     
 CH  -6.82565601353029      -0.514504146578349      -1.253893209485332E-002
 CH  -5.32270893962711      -0.502716799849397       0.177819024142889     
 CH  -4.93291363461482       0.935161135855253      -9.820934795712311E-002
 CH  -5.33790806028015        1.61814099284710        1.19266439882194     
 CH  -6.84150358793581        1.66726704325141        1.01373949729718     
 CH  -7.23309399480397       0.221944329894934        1.24704232090784     
   403.000000000000        14386.4901577238     
 CH  -6.81618335832497      -0.511911574705626      -1.570175900084701E-002
 CH  -5.32258943213904      -0.489022371227516       0.237039745356266     
 CH  -4.93697526531871       0.936874748210720      -0.100219975223106     
 CH  -5.34028322150249        1.59493053347749        1.20405847509179     
 CH  -6.80128699441873        1.60947809386365       0.803454750681508     
 CH  -7.22510770908800       0.222864627192474        1.24437435317542     
   403.000000000000        17065.0142894736     
 CH  -6.80662772672240      -0.430435484165191      -5.737194353428711E-002
 CH  -5.29752554330890      -0.529882417937568       3.176787573833412E-002
 CH  -4.96855382576113       0.942267225196395      -0.110281542684578     
 CH  -5.34802457332940        1.53316045519842        1.23273154082495     
 CH  -6.84605007748456        1.67849180258034        1.05945318565924     
 CH  -7.14283312493937       0.208001102466360        1.27464594488165     
   403.000000000000        17483.2397822086     
 CH  -6.80927087028219      -0.449698734518815      -4.879799263234386E-002
 CH  -5.31906081924734      -0.494170592550853       0.220499719273915     
 CH  -4.84191744867141       0.917518430752642      -5.353185810347560E-002
 CH  -5.33625074957961        1.63310994946477        1.18759680805508     
 CH  -6.83330394304925        1.65767354748816       0.956392643787749     
 CH  -7.18890544784461       0.215714810594855        1.25811034443583     
   403.000000000000        15993.3049185323     
 CH  -6.80400562405611      -0.417936351955571      -6.304932221243792E-002
 CH  -5.31853105938171      -0.493698820517840       0.224788072965523     
 CH  -4.89853204635077       0.929515491510528      -8.129500577410892E-002
 CH  -5.33749621132556        1.62042268952494        1.19416361981901     
 CH  -6.83592951572763        1.66199208624641       0.974626339351684     
 CH  -7.19242323294805       0.216286558450683        1.25672340860849     
   403.000000000000        14887.3699808284     
 CH  -6.79322942863609      -0.329524056702734      -9.936043336408257E-002
 CH  -5.29987292589485      -0.520247203601069       7.015663644813427E-002
 CH  -5.01942628705242       0.955202267563971      -0.129902206897690     
 CH  -5.33922246566135        1.60399291222642        1.20187784384104     
 CH  -6.83438328482788        1.65945559072769       0.963875709138795     
 CH  -7.22607709938785       0.222380622713746        1.24337971974187     
   403.000000000000        17658.2891321140     
 CH  -6.80135400473990      -0.389357757206600      -7.593394115398217E-002
 CH  -5.31202726876132      -0.498782930952643       0.179324760656771     
 CH  -4.84858188712814       0.923639065022348      -6.058989835656131E-002
 CH  -5.34109018845136        1.59264319200894        1.20696919344258     
 CH  -6.83791650902982        1.66408911783829       0.984183543756577     
 CH  -7.24922985547038       0.226933558056556        1.23345493808079     
   403.000000000000        20052.2963532073     
 CH  -6.79835319906852      -0.380728383542582      -7.893361630055060E-002
 CH  -5.29163997335541      -0.523931297917444      -1.160471629595239E-002
 CH  -4.85389104995040       0.925652177096403      -6.364920711511676E-002
 CH  -5.36014723568902        1.47113999575681        1.25657225691829     
 CH  -6.84968465113712        1.68029873261143        1.07558079088282     
 CH  -7.24723201097256       0.226515798511702        1.23433304191661     
   403.000000000000        16956.0085575837     
 CH  -6.80842985535439      -0.488251977142222      -2.586108679000174E-002
 CH  -5.30320907711794      -0.503750023619265       0.145297375813277     
 CH  -4.91607074774191       0.941697896727190      -9.225098451391654E-002
 CH  -5.34784818511560        1.54012944281008        1.23148801137155     
 CH  -6.82723088247289        1.65048254249870       0.924118481084154     
 CH  -7.24362393090483       0.227196525716598        1.23653606005520     
   403.000000000000        17250.3302024953     
 CH  -6.80177747912797      -0.442646789401704      -5.002154793952777E-002
 CH  -5.30308210819272      -0.500596824675413       0.163938678619267     
 CH  -4.82592944590242       0.921449380624995      -4.991857952289769E-002
 CH  -5.34895110842689        1.53300436006754        1.23432666483240     
 CH  -6.83549299224030        1.66304725466755       0.972584285320345     
 CH  -7.20391682395778       0.219751680508028        1.25167704021410     
   403.000000000000        15396.6673713362     
 CH  -6.80241407992487      -0.469436663056282      -3.560346943312004E-002
 CH  -5.29790198270530      -0.503511644716824       0.139059763517765     
 CH  -4.99802307055441       0.958546758499643      -0.121867168076913     
 CH  -5.36097157549144        1.46602397760444        1.25928172138203     
 CH  -6.83486804121245        1.66335667906639       0.969599113569735     
 CH  -7.25090228305928       0.229762616844665        1.23123736454536     
   403.000000000000        18499.3347671370     
 CH  -6.79788062158996      -0.423960961400620      -5.807402433080316E-002
 CH  -5.29940393011954      -0.500262153584070       0.151617971680754     
 CH  -4.90937471261298       0.943845410789918      -8.932922587330455E-002
 CH  -5.34459112632339        1.58226308860131        1.21445240534221     
 CH  -6.83493241541215        1.66037636167670       0.953668666188832     
 CH  -7.33316225805071       0.248650544607364        1.18931297722629     
   403.000000000000        18760.6522695853     
 CH  -6.79669186260709      -0.432227096604535      -5.473440281974806E-002
 CH  -5.30340407872233      -0.490201445163942       0.194174354378043     
 CH  -4.76808173674147       0.911507553650717      -1.622258670770338E-002
 CH  -5.34459112632339        1.58226308860131        1.21445240534221     
 CH  -6.83540709517951        1.66183928447688       0.956843445766548     
 CH  -7.22833136122350       0.225762851695525        1.23973211709117     
   403.000000000000        16193.1858851409     
 CH  -6.79632467060248      -0.421677476704289      -5.800015517956790E-002
 CH  -5.32239567023646      -0.481883437568532       0.287157119343980     
 CH  -4.74043346836535       0.886443887563605      -3.747206664013153E-003
 CH  -5.36546111623455        1.44541428634124        1.25868280434234     
 CH  -6.83883109058954        1.66752967900959       0.984688879210668     
 CH  -7.27075954030660       0.234461204919273        1.22235158746234     
   403.000000000000        16252.8119510560     
 CH  -6.77608079260875      -0.288004663370177      -0.110042611785985     
 CH  -5.29098612611551      -0.534091616646678       6.072050771152313E-002
 CH  -4.87951499440109       0.917641507450609      -7.634679022819238E-002
 CH  -5.35851214194301        1.47999861990713        1.24696466620083     
 CH  -6.84771915276208        1.67985124766170        1.05319055516684     
 CH  -7.22820151121817       0.225058768842957        1.24171911660028     
   403.000000000000        18216.7052038812     
 CH  -6.79698192304846      -0.418365706615160      -6.324074780894479E-002
 CH  -5.30371557773663      -0.515299745548228       0.173369509904617     
 CH  -4.87951499440109       0.917641507450609      -7.634679022819238E-002
 CH  -5.35174124454950        1.51159266211003        1.23554550510308     
 CH  -6.83655565832752        1.66322802229251       0.975622681596813     
 CH  -7.34878022543636       0.251415585396704        1.17845915730210     
   403.000000000000        16463.2725910912     
 CH  -6.79553260924769      -0.408965784961707      -6.762291096833872E-002
 CH  -5.30141776832740      -0.520283258917211       0.156997351105215     
 CH  -5.00577425567909       0.938123543913468      -0.128080727473754     
 CH  -5.34461321677331        1.55543891828579        1.21391289658270     
 CH  -6.82746109571603        1.65044970266081       0.918342061134379     
 CH  -7.36627232106109       0.256147175514275        1.16800969266677     
   403.000000000000        18728.6071302536     
 CH  -6.79693899622406      -0.419485607724566      -6.294913060264698E-002
 CH  -5.30715441388596      -0.512033440276162       0.196283963190928     
 CH  -4.83737273754318       0.905791991821641      -5.808038311052413E-002
 CH  -5.34379936840636        1.57352752118822        1.20465408239446     
 CH  -6.84807107880020        1.68109716331678        1.06035441710991     
 CH  -7.22002956143957       0.223224689861695        1.24197418017169     
   403.000000000000        15560.6262472066     
 CH  -6.79693899622406      -0.419485607724566      -6.294913060264698E-002
 CH  -5.31018259705372      -0.507311804500474       0.214660250877959     
 CH  -4.97568837061151       0.932426871405951      -0.118342988710116     
 CH  -5.32977559103716        1.70768203074965        1.13482845935366     
 CH  -6.81889248964766        1.63607582850835       0.865328154950636     
 CH  -7.24508206478834       0.228455897698020        1.23097768172043     
   403.000000000000        16179.1802280326     
 CH  -6.79020264066490      -0.370944318224189      -8.312312989071319E-002
 CH  -5.31099165157870      -0.503895283569852       0.216015451005125     
 CH  -4.80201702230220       0.901009196563225      -3.461022296898109E-002
 CH  -5.35963737005723        1.48743377580047        1.24679633259253     
 CH  -6.84691846770859        1.67593901399608        1.02842116976052     
 CH  -7.22639224181041       0.224053965797934        1.23998785330885     
   403.000000000000        18547.3672837994     
 CH  -6.81187294802027      -0.518447382330596      -6.414407765110708E-003
 CH  -5.31043219454147      -0.507178849067279       0.195510538566981     
 CH  -4.86141143298811       0.916109973553222      -6.574466826668554E-002
 CH  -5.35263155703676        1.52553153666985        1.23200151190036     
 CH  -6.82247912709738        1.64051197491110       0.883354671087415     
 CH  -7.32921144888670       0.246534162303146        1.19444824545178     
   403.000000000000        17551.3682580941     
 CH  -6.78763763674778      -0.332739812849905      -9.199616424137480E-002
 CH  -5.29822916631149      -0.525425968352966       0.107401563103176     
 CH  -4.92984715015588       0.930066760427449      -9.621721461784200E-002
 CH  -5.36329055197763        1.46480993208443        1.25397297857105     
 CH  -6.85454118444901        1.68253120720534        1.09906656323083     
 CH  -7.32069188789151       0.244279300240130        1.20330654496078     
   403.000000000000        19513.8720315318     
 CH  -6.80354822665405      -0.433025107473594      -4.718930311949260E-002
 CH  -5.31307753831138      -0.501490082259677       0.215555200950470     
 CH  -4.85669861787649       0.915707842261585      -6.532435280067422E-002
 CH  -5.33902690455082        1.63578489239023        1.17793164085143     
 CH  -6.83058054243600        1.64781712578758       0.912695951942300     
 CH  -7.36377790944025       0.254781348964742        1.18080580314399     
   403.000000000000        18498.6909837263     
 CH  -6.80354822665405      -0.433025107473594      -4.718930311949260E-002
 CH  -5.32103472246853      -0.489396755615458       0.259732425002613     
 CH  -4.82285938470287       0.908181609339281      -4.722204499681687E-002
 CH  -5.33902690455082        1.63578489239023        1.17793164085143     
 CH  -6.83929824933950        1.66164637620807       0.968780796576658     
 CH  -7.26103794177635       0.230647674980542        1.23544415909290     
   403.000000000000        18204.8679900591     
 CH  -6.79567759753531      -0.386313319207627      -7.007859454962867E-002
 CH  -5.32240721683860      -0.482687992484787       0.269643803464636     
 CH  -4.69785740500340       0.877404026734110       3.360941657614885E-002
 CH  -5.33820594866236        1.64288848879813        1.17414625551317     
 CH  -6.80824802791173        1.61358258621601       0.808982662982159     
 CH  -7.28608960341959       0.235737335853223        1.22122154369205     
   403.000000000000        16383.6925054163     
 CH  -6.79480758329158      -0.381448966175437      -7.156883470262965E-002
 CH  -5.32582220598887      -0.476397111936692       0.286609627641790     
 CH  -4.73832500802945       0.890875390534581       1.937981045398107E-003
 CH  -5.34513160388474        1.59152830971889        1.20098270167306     
 CH  -6.82209401168837        1.63370463081272       0.866273568433409     
 CH  -7.26265763239805       0.230733695296365        1.23275310429266     
   403.000000000000        16678.8429992106     
 CH  -6.79248047360012      -0.368775040952496      -7.602635377702088E-002
 CH  -5.30921711655852      -0.497951269923483       0.204095611671276     
 CH  -4.77104486431127       0.900093450981752      -2.276686927314375E-002
 CH  -5.34906735958336        1.55855737591853        1.21382209012942     
 CH  -6.84079966782490        1.66086133257779       0.969904848015692     
 CH  -7.18036739188966       0.214156385959080        1.26734317473654     
   403.000000000000        15509.1473621651     
 CH  -6.80843711444905      -0.511291495180412      -9.502584243947260E-003
 CH  -5.30504212493290      -0.504632676359302       0.177537961172677     
 CH  -4.96746694054575       0.942960791281227      -0.115960160338498     
 CH  -5.33776340290695        1.67101030663955        1.16062177324405     
 CH  -6.83980558206772        1.65924206864247       0.963244468073123     
 CH  -7.03735953943008       0.197187740571847        1.30979976770149     
   403.000000000000        18791.2650659253     
 CH  -6.78560618468119      -0.328904544881615      -9.130156119915955E-002
 CH  -5.28616169961889      -0.528210597963356      -6.635550183455116E-003
 CH  -4.79876423542869       0.906050394963356      -3.768576870108840E-002
 CH  -5.37165825977122        1.43487679457142        1.26191881575922     
 CH  -6.84422075402723        1.66856498675340       0.993261916824266     
 CH  -7.27290253148135       0.234039510830309        1.22799494093139     
   403.000000000000        16086.0360435412     
 CH  -6.80641415182375      -0.463292532555897      -3.336290397675501E-002
 CH  -5.31552708801853      -0.491327267147342       0.234395973812092     
 CH  -4.85651506272055       0.919861832437110      -7.134621471611002E-002
 CH  -5.34204888137751        1.59857536339167        1.19373949536034     
 CH  -6.80922087795973        1.61727332728923       0.816534354102737     
 CH  -7.28887980183632       0.237479598781324        1.22005335429466     
   403.000000000000        20574.5190047369     
 CH  -6.78603518754062      -0.328953417525791      -9.189478946373891E-002
 CH  -5.28866085211095      -0.529340596059451       2.185967539799646E-002
 CH  -4.78755065958889       0.899498242267360      -3.229887923134023E-002
 CH  -5.33626517897295        1.57974800620633        1.20584878356100     
 CH  -6.83623561853717        1.67391271375551        1.01493338793812     
 CH  -7.20486002750295       0.223664939016203        1.25499262433276     
   403.000000000000        18859.8406152982     
 CH  -6.78530690394320      -0.325238760185724      -9.318648302418309E-002
 CH  -5.29866418175896      -0.518456849685617       0.125411747679480     
 CH  -4.77712005858279       0.896032525278099      -2.570587437464736E-002
 CH  -5.34176828373323        1.54458139238764        1.22224995369197     
 CH  -6.81679638820785        1.64262558359698       0.890728570399308     
 CH  -7.38062949388576       0.263754806062222        1.16918612156714     
   403.000000000000        15944.3244369729     
 CH  -6.77791714069327      -0.287963222443047      -0.105666801002284     
 CH  -5.30388009655591      -0.511518165175482       0.163522686331104     
 CH  -4.82844058965597       0.910462178851080      -5.454651479776523E-002
 CH  -5.34734767114210        1.50979810826878        1.23710703182091     
 CH  -6.83501459068522        1.66719287716187       0.997730710472470     
 CH  -7.27495038251855       0.235089970210485        1.22635433778481     
   403.000000000000        16300.4745769614     
 CH  -6.79753957783060      -0.384399226949686      -6.869217694560799E-002
 CH  -5.29782480405039      -0.524145901795905       9.425402330138981E-002
 CH  -4.93918027843774       0.934481533311425      -0.104253180095451     
 CH  -5.32426557077202        1.70352215675590        1.14359410107321     
 CH  -6.81548678246932        1.63564039487277       0.884985585769015     
 CH  -7.14594769636963       0.210413517819651        1.28027653343878     
   403.000000000000        15810.7029383226     
 CH  -6.79891928870972      -0.397348973696182      -6.555677780301522E-002
 CH  -5.29887500158996      -0.522210820984643       0.106203682638886     
 CH  -4.94320250045445       0.935254335026593      -0.105733550874503     
 CH  -5.33837396832510        1.47286724800662        1.25501950048278     
 CH  -6.83097832952578        1.68388362942972        1.10391917720069     
 CH  -7.16593238256515       0.215276719163251        1.27044402660813     
   403.000000000000        15092.6556547158     
 CH  -6.79212825828354      -0.353447909450954      -8.280310054658924E-002
 CH  -5.30360112739787      -0.512352547078862       0.150137442849598     
 CH  -5.00373807404180       0.946791522848458      -0.126639963070871     
 CH  -5.32499777494903        1.55932814376956        1.22185107976316     
 CH  -6.82885557648018        1.68096296632612        1.08457878570612     
 CH  -7.18753222257600       0.219339931692136        1.26273649160985     
   403.000000000000        16182.2502581856     
 CH  -6.79277460466850      -0.358088473869040      -8.072503510273601E-002
 CH  -5.30404800669591      -0.511308696404943       0.154735534622042     
 CH  -4.88105472941957       0.924400731868064      -8.072173315105602E-002
 CH  -5.32538610745463        1.55698363520788        1.22282937704589     
 CH  -6.81859107511341        1.66474885114459       0.990552424264534     
 CH  -7.23246752560642       0.229180125150445        1.24467781983717     
   403.000000000000        17439.4816315889     
 CH  -6.79298411626329      -0.357854974283992      -8.089795126919219E-002
 CH  -5.30128511853251      -0.515676688974557       0.131590652051636     
 CH  -4.87132070789789       0.922216835894022      -7.629830082656394E-002
 CH  -5.33116159415568        1.51908090737865        1.23866810159462     
 CH  -6.81802383388668        1.66389471176368       0.986682700982160     
 CH  -7.31573398127777       0.249179714013648        1.20485026118565     
   403.000000000000        18357.6082783936     
 CH  -6.78809772982942      -0.330696613653542      -9.099602686697827E-002
 CH  -5.32729773192757      -0.480296417960939       0.281707963829738     
 CH  -4.79266401038016       0.901285943494286      -3.613155904357990E-002
 CH  -5.33214633018953        1.51329043742516        1.24107098011048     
 CH  -6.81487830916279        1.65919762137432       0.966400318768168     
 CH  -7.45138423630835       0.292456167809642        1.12005253585780     
   403.000000000000        13918.0811532865     
 CH  -6.80403921154373      -0.424642178105863      -5.150023093369838E-002
 CH  -5.32496512046365      -0.483340032547930       0.271175139957291     
 CH  -4.84305494326609       0.913922135798046      -6.206053343720830E-002
 CH  -5.34074078411270        1.46715782325329        1.25819553185725     
 CH  -6.80286914662534        1.64176278666668       0.901936134384471     
 CH  -7.25850845626588       0.235098825891220        1.23423166695430     
   403.000000000000        18058.8564541367     
 CH  -6.79996888815392      -0.394480495472393      -6.581994747210781E-002
 CH  -5.29402021826028      -0.535740112693222       2.014123090710843E-002
 CH  -5.03732984607209       0.949479523008422      -0.134318105334910     
 CH  -5.32749187656206        1.54955740222971        1.22676585053677     
 CH  -6.83350786397017        1.68889069382753        1.13885066684338     
 CH  -7.20176880167254       0.223620824540062        1.25759026394965     
   403.000000000000        16744.9772727514     
 CH  -6.79473078409856      -0.355254466661498      -8.299637236603617E-002
 CH  -5.29671376393772      -0.531427402826366       5.889479674473060E-002
 CH  -5.05703995241594       0.951393744757898      -0.139657232576746     
 CH  -5.32520802493972        1.56852352706442        1.21830952573115     
 CH  -6.83110291684328        1.68627841735059        1.10151329140565     
 CH  -7.23050511821161       0.231319865082680        1.24400712539397     
   403.000000000000        18378.1492756462     
 CH  -6.79519339218297      -0.374059640670909      -7.828240077581976E-002
 CH  -5.29292982577183      -0.534450100367074       3.442996532589331E-002
 CH  -4.89838036969655       0.923481793053288      -8.552969813892738E-002
 CH  -5.31648881322175        1.67757974222105        1.16080838300680     
 CH  -6.80923116789093        1.64567123814464       0.904041738084835     
 CH  -7.18790780741031       0.221596513731825        1.25808436542083     
   403.000000000000        17934.0107946693     
 CH  -6.79748697570410      -0.387841458267690      -7.259991503697694E-002
 CH  -5.30199861890983      -0.519987078706569       0.130567773564630     
 CH  -4.87306671247684       0.918516556733027      -7.522267925329940E-002
 CH  -5.34695924047170        1.45790733077206        1.25943850051942     
 CH  -6.83484523477593        1.68502131281940        1.08669155521478     
 CH  -7.27679584034492       0.241479366353867        1.21934641201166     
   403.000000000000        13533.5947332494     
 CH  -6.79748697570410      -0.387841458267690      -7.259991503697694E-002
 CH  -5.30199861890983      -0.519987078706569       0.130567773564630     
 CH  -4.93134219852478       0.930955704253677      -9.965789529767874E-002
 CH  -5.34137748738917        1.47571592545061        1.25383549710859     
 CH  -6.82239737968416        1.66829529130799       0.999433715525421     
 CH  -7.11758711620693       0.209018966218158        1.28246485601005     
   403.000000000000        15687.1112906191     
 CH  -6.77674900975365      -0.292410811928306      -0.107482108032348     
 CH  -5.31988047716688      -0.486374894466199       0.260127757781698     
 CH  -4.85542972124428       0.918306124348533      -6.664698222235393E-002
 CH  -5.31806534337957        1.64645757937292        1.17938702199962     
 CH  -6.82311459602027        1.67074144200312        1.00773609382972     
 CH  -7.18570320881226       0.220687782693057        1.25794577189028     
   403.000000000000        18052.8161547220     
 CH  -6.78006330749051      -0.314571183891967      -0.101510166750360     
 CH  -5.28313619410023      -0.534255858273074      -2.294260958297416E-002
 CH  -4.85224854844199       0.917690994603702      -6.550049064526181E-002
 CH  -5.33386609916251        1.52309028612325        1.23771600428783     
 CH  -6.80933218024387        1.64871874055312       0.917646738321643     
 CH  -7.27820482111571       0.239146752302173        1.21764049922385     
   403.000000000000        18447.6984997616     
 CH  -6.79351521467245      -0.393342660894500      -7.074613824182477E-002
 CH  -5.29865899862006      -0.516330339659926       0.142570350107191     
 CH  -4.75599260761964       0.889650874150503      -1.349058187429178E-002
 CH  -5.34657649448968        1.45714601292856        1.26165526862001     
 CH  -6.82245213531406        1.66664852728809       0.991235614566443     
 CH  -7.27820482111571       0.239146752302173        1.21764049922385     
   403.000000000000        15466.9564887473     
 CH  -6.79394513585335      -0.396354102553098      -6.949232827020513E-002
 CH  -5.30034788544410      -0.514224915491169       0.155226885477455     
 CH  -4.90759686873632       0.928246267482509      -9.104232730748915E-002
 CH  -5.32361377670649        1.59417208284221        1.20522529194424     
 CH  -6.77050881788805        1.58975367280340       0.756112591770750     
 CH  -7.36131589770630       0.258009985119383        1.17340954209570     
   403.000000000000        19458.6615571818     
 CH  -6.78990055424773      -0.366228628211465      -8.070321660042146E-002
 CH  -5.29152680001322      -0.526775814894370       7.526374614971967E-002
 CH  -4.90399037693415       0.928683160298304      -8.929533843197501E-002
 CH  -5.33266391457369        1.52627902620738        1.23582925162590     
 CH  -6.82261013315249        1.66324085940491       0.998071555661948     
 CH  -7.37300627392090       0.261558823557291        1.16860764747074     
   403.000000000000        17909.0935969330     
 CH  -6.78535784764362      -0.340008249782998      -9.254398434947950E-002
 CH  -5.28719777672850      -0.532465956460201       2.450913631078694E-002
 CH  -4.86835849276904       0.920210778351617      -7.513502231879332E-002
 CH  -5.35738525156222        1.39682381537017        1.27783572464076     
 CH  -6.83952593578172        1.68622836100251        1.15646438886138     
 CH  -7.22612952868282       0.223418522652009        1.24281274600292     
   403.000000000000        18589.7638873230     
 CH  -6.78890309432785      -0.362748126061766      -8.389758869997285E-002
 CH  -5.29459034457340      -0.522310178101235       0.107920964809301     
 CH  -4.85390962341869       0.916541284559927      -6.852157654792698E-002
 CH  -5.32799368135907        1.57516005140614        1.21144038615442     
 CH  -6.82975226833606        1.66984953359657        1.03542320402845     
 CH  -7.23257971099356       0.223361902227082        1.24069030742599     
   403.000000000000        15069.2036053482     
 CH  -6.80386663539801      -0.467394660493942      -3.698452035854363E-002
 CH  -5.31353054642271      -0.495175681383183       0.233850404967401     
 CH  -4.91783970582183       0.929871812017342      -9.522922098602790E-002
 CH  -5.34699563365830        1.45724287891428        1.25922341657754     
 CH  -6.82242997999679        1.65969616871729       0.981135022190382     
 CH  -7.25617142412604       0.229079096450119        1.23000075342408     
   403.000000000000        17146.7436681384     
 CH  -6.77850392149925      -0.288049230542766      -0.109839002573728     
 CH  -5.30936372478524      -0.504379744999304       0.190249635855385     
 CH  -4.80565001012823       0.905165270013934      -4.444238428582645E-002
 CH  -5.32205498184898        1.60974811223684        1.19399450293422     
 CH  -6.81104271158243        1.64319084493803       0.916462298797689     
 CH  -7.32225766775940       0.244938985798602        1.19980309535586     
   403.000000000000        13881.2659595340     
 CH  -6.79591463535968      -0.391260358325858      -7.184390755155612E-002
 CH  -5.30255909199480      -0.510785850696563       0.153606481170865     
 CH  -4.89880221625294       0.929221018200660      -8.926303692514762E-002
 CH  -5.35654072329787        1.39421370128671        1.27861644016515     
 CH  -6.82070722195009        1.66021906777419       0.994566076277785     
 CH  -7.21373634540162       0.219071858437975        1.25021002621888     
   403.000000000000        16916.0827307802     
 CH  -6.79000580088081      -0.354490990293382      -8.678109110354226E-002
 CH  -5.30802650327416      -0.501570075743003       0.191301817556343     
 CH  -4.90423389414520       0.930963723304401      -9.228845625403431E-002
 CH  -5.31907993276054        1.62161263979350        1.19135629148488     
 CH  -6.81962875730725        1.65947344468375       0.986059470747869     
 CH  -7.27477452850382       0.233409638919763        1.22252373623411     
   403.000000000000        15704.3749878265     
 CH  -6.80137859300081      -0.428530382343907      -5.321758718971317E-002
 CH  -5.33073063610380      -0.466513306008443       0.308689699811668     
 CH  -4.90423389414520       0.930963723304401      -9.228845625403431E-002
 CH  -5.31290221370974        1.74307961840142        1.12026874961922     
 CH  -6.79040649762388        1.60986588504013       0.812921727086850     
 CH  -7.28528813952709       0.236244499690869        1.21910819931172     
   403.000000000000        22102.3048226901     
 CH  -6.80149006077488      -0.438878999562785      -5.099727870857240E-002
 CH  -5.29514649389013      -0.521740737190398       8.788393291638782E-002
 CH  -4.70320058020685       0.871145583646289       1.652054944903779E-002
 CH  -5.34503465999047        1.47901126095058        1.24753043258719     
 CH  -6.82494475947083        1.65913831746935       0.977998725795413     
 CH  -7.28454746958919       0.234911665601862        1.21690203879527     
   403.000000000000        15651.2346794410     
 CH  -6.80359886937364      -0.454872580477843      -4.267978341623763E-002
 CH  -5.31305847747817      -0.502273948426815       0.224279858561331     
 CH  -4.85172335425106       0.911259977292264      -6.678155234442135E-002
 CH  -5.35000869866194        1.47481914482391        1.24887409418186     
 CH  -6.78690284032531        1.60273227481565       0.786056142035009     
 CH  -7.37618589614560       0.258811175689408        1.16467542237681     
   403.000000000000        16168.3908327047     
 CH  -6.80674632967334      -0.483351719803511      -2.823459541835166E-002
 CH  -5.31305847747817      -0.502273948426815       0.224279858561331     
 CH  -5.02072606076618       0.940427079117862      -0.134580146539641     
 CH  -5.32767488757767        1.62831623172220        1.18049701144328     
 CH  -6.82628283613771        1.65587341595080       0.959948109586407     
 CH  -7.25115384797775       0.227150167400106        1.23374639728904     
   403.000000000000        17021.2670157540     
 CH  -6.80060569473677      -0.445995711294412      -4.703406336008058E-002
 CH  -5.31742718120917      -0.492765280759973       0.258283974728449     
 CH  -4.95690335773711       0.931001647341319      -0.113919339542526     
 CH  -5.33413475661620        1.56506179631242        1.20990134287129     
 CH  -6.83844400036878        1.67584059345496        1.06844902841727     
 CH  -7.26138985736746       0.229363582293190        1.22829914017291     
   403.000000000000        15860.9108122761     
 CH  -6.77967833519513      -0.327472817655090      -0.100334794154517     
 CH  -5.31452988966132      -0.495942234352902       0.246339531672356     
 CH  -4.86145633433483       0.913845228640024      -7.436073750743549E-002
 CH  -5.33413475661620        1.56506179631242        1.20990134287129     
 CH  -6.82033656193107        1.64645104154006       0.927400042625969     
 CH  -7.35087549651095       0.249277454691989        1.17872733344228     
   403.000000000000        18064.4738480683     
 CH  -6.77967833519513      -0.327472817655090      -0.100334794154517     
 CH  -5.28543820901620      -0.536638044572478       3.649120178759999E-002
 CH  -4.87265974539320       0.916542255772935      -7.972392053843227E-002
 CH  -5.34462913370089        1.50202408395014        1.23606212794166     
 CH  -6.84173084472008        1.67494594760570        1.08110569556943     
 CH  -7.22454795562368       0.217378851146268        1.24135618361357     
   403.000000000000        16178.8085735935     
 CH  -6.77763446876767      -0.316609373301382      -0.104129006245474     
 CH  -5.29258739792912      -0.528094688797661       0.108319007921354     
 CH  -4.81771500164146       0.901696611908124      -5.236093379596474E-002
 CH  -5.34696106563148        1.49593398564348        1.23745205551965     
 CH  -6.82095125297873        1.64650062929704       0.921367235537524     
 CH  -7.28016638085847       0.232477767011917        1.21529207501444     
   403.000000000000        18667.2717298757     
 CH  -6.79430224727627      -0.438042110312050      -5.326858093072179E-002
 CH  -5.30257556856798      -0.509406170140865       0.201454184041014     
 CH  -4.98727155650676       0.936256143979080      -0.124534854903053     
 CH  -5.32313206816668        1.71536842020816        1.13125922763468     
 CH  -6.82776327931902        1.65691973419735       0.964239260175569     
 CH  -7.29465487456400       0.235863807840949        1.20784404760202     
   403.000000000000        19750.4400734789     
 CH  -6.80130098849299      -0.554803549755215       9.982450124219930E-003
 CH  -5.28782103613126      -0.534696590065021       7.478325236702127E-002
 CH  -4.92319343298461       0.925418561004886      -0.100532053980831     
 CH  -5.33574842967898        1.56540439065468        1.20983183156779     
 CH  -6.82578165766309        1.65360691689680       0.950509071540884     
 CH  -7.20336658391690       0.216801540123772        1.25009367184967     
   403.000000000000        17272.3730397119     
 CH  -6.80076004693927      -0.480927586411991      -3.117407958987195E-002
 CH  -5.31433407797066      -0.492895374613698       0.261434209461264     
 CH  -4.89880211538593       0.921172280982276      -8.980766370878468E-002
 CH  -5.32612281966600        1.68190831386710        1.14935120583311     
 CH  -6.80818643850381        1.62151630626784       0.841021455183423     
 CH  -7.30710373937672       0.237024172520279        1.20295246861133     
   403.000000000000        18358.4927349779     
 CH  -6.80697680073456      -0.544272732426461       2.718080503608472E-003
 CH  -5.30797961542367      -0.507184687112483       0.219182662652703     
 CH  -4.91401480815399       0.921645540384163      -9.523888817525265E-002
 CH  -5.32612281966600        1.68190831386710        1.14935120583311     
 CH  -6.82486277622250        1.64957052247224       0.930353923044235     
 CH  -7.18846466743064       0.215023266443086        1.25684869318496     
